4 0.24879421221864953 0.08281338627339761 0.2057877813504823 0.018150879183210438
3 0.7419614147909968 0.12592172433352242 0.2877813504823151 0.030062393647192286
0 0.24437299035369775 0.12110039705048213 0.22347266881028938 0.033465683494044246
1 0.18930868167202572 0.19086783891094725 0.07556270096463022 0.021554169030062395
2 0.5237138263665595 0.17243335224049916 0.10771704180064309 0.026091888825865002
1 0.282556270096463 0.21157118547929665 0.1382636655948553 0.019852524106636415
4 0.24678456591639872 0.06239364719228588 0.22508038585209003 0.0238230289279637
1 0.28737942122186494 0.19228587634713556 0.11736334405144695 0.021554169030062395
1 0.3971061093247588 0.19285309132161088 0.0972668810289389 0.019852524106636415
1 0.5546623794212219 0.1951219512195122 0.21463022508038584 0.02041973908111174
1 0.7789389067524116 0.19483834373227454 0.2266881028938907 0.019852524106636415
1 0.43770096463022506 0.2135564378899603 0.16639871382636656 0.018150879183210438
1 0.680064308681672 0.21384004537719795 0.3159163987138264 0.019852524106636415