2 0.5509708737864077 0.19722693831352575 0.15857605177993528 0.04187889077532541
3 0.7694174757281553 0.1352574985851726 0.22168284789644013 0.02603282399547255
0 0.2682038834951456 0.1414827391058291 0.1407766990291262 0.021505376344086023
4 0.2750809061488673 0.10441426146010187 0.18446601941747573 0.016411997736276173
1 0.3551779935275081 0.23231465761177136 0.06310679611650485 0.018109790605546124
1 0.4203074433656958 0.2501414827391058 0.1529126213592233 0.018109790605546124
4 0.27063106796116504 0.08828522920203735 0.16990291262135923 0.01697792869269949
1 0.6306634304207119 0.24929258630447085 0.26375404530744334 0.016411997736276173
1 0.4324433656957929 0.23231465761177136 0.08414239482200647 0.015280135823429542
1 0.5129449838187702 0.23061686474250143 0.07281553398058252 0.01584606677985286
1 0.5942556634304207 0.23089983022071306 0.08656957928802589 0.018109790605546124
1 0.6929611650485437 0.22948500282965478 0.10194174757281553 0.016411997736276173
1 0.7637540453074434 0.2300509337860781 0.03640776699029126 0.015280135823429542