3 0.7227642276422764 0.12471395881006865 0.2926829268292683 0.030892448512585814
4 0.26951219512195124 0.08752860411899313 0.17642276422764228 0.020594965675057208
4 0.2686991869918699 0.06664759725400457 0.21951219512195122 0.021739130434782608
0 0.2707317073170732 0.12814645308924486 0.2032520325203252 0.02803203661327231
2 0.5199186991869919 0.18478260869565216 0.14308943089430895 0.02459954233409611
1 0.29065040650406504 0.20881006864988558 0.07967479674796749 0.02231121281464531
1 0.4317073170731707 0.22911899313501144 0.2845528455284553 0.019450800915331808
1 0.6638211382113821 0.22683066361556065 0.17479674796747968 0.017734553775743706
1 0.4247967479674797 0.20881006864988558 0.1878048780487805 0.02116704805491991
1 0.5699186991869919 0.20938215102974828 0.0943089430894309 0.018306636155606407
1 0.7044715447154472 0.20594965675057209 0.16910569105691056 0.020594965675057208