2 0.53330658105939 0.16890380313199105 0.16051364365971107 0.025167785234899327
4 0.2965489566613162 0.06767337807606263 0.21268057784911718 0.02237136465324385
4 0.2969502407704655 0.0878076062639821 0.2231139646869984 0.02069351230425056
0 0.29373996789727125 0.12527964205816555 0.20947030497592295 0.029082774049217
3 0.786115569823435 0.13366890380313198 0.26484751203852325 0.026286353467561523
1 0.2965489566613162 0.18763982102908278 0.11717495987158909 0.021252796420581657
1 0.40569823434991975 0.18763982102908278 0.10112359550561797 0.02181208053691275
1 0.7885232744783307 0.19491051454138703 0.08908507223113965 0.019574944071588368
1 0.5068218298555377 0.18959731543624161 0.10272873194221509 0.018456375838926176
1 0.608346709470305 0.19211409395973153 0.09550561797752809 0.020134228187919462
1 0.699438202247191 0.19407158836689037 0.08507223113964688 0.02237136465324385
1 0.3816211878009631 0.2080536912751678 0.07784911717495988 0.02181208053691275
1 0.4602728731942215 0.21252796420581654 0.07865168539325842 0.024049217002237135
1 0.5180577849117175 0.21224832214765102 0.04012841091492777 0.01901565995525727
1 0.5858747993579454 0.21364653243847875 0.08587479935794542 0.02181208053691275
1 0.6765650080256822 0.2139261744966443 0.09390048154093097 0.018456375838926176