3 0.7373333333333333 0.1255 0.26 0.0305
4 0.29133333333333333 0.05675 0.22066666666666668 0.0245
2 0.5373333333333333 0.186 0.14133333333333334 0.0255
4 0.29333333333333333 0.0775 0.22866666666666666 0.0215
1 0.398 0.22825 0.112 0.022
0 0.29133333333333333 0.1175 0.222 0.0335
1 0.275 0.206 0.154 0.026
1 0.43433333333333335 0.208 0.162 0.0215
1 0.6326666666666667 0.20925 0.22933333333333333 0.022
1 0.8133333333333334 0.21125 0.12866666666666668 0.0245
1 0.5343333333333333 0.22975 0.15533333333333332 0.022
1 0.6733333333333333 0.2315 0.12466666666666666 0.02