2 0.5297427652733119 0.16133557800224466 0.1422829581993569 0.02244668911335578
4 0.24155948553054662 0.08698092031425365 0.17282958199356913 0.01964085297418631
3 0.760048231511254 0.1122334455667789 0.2765273311897106 0.028058361391694726
4 0.24035369774919615 0.0664983164983165 0.21784565916398713 0.02132435465768799
1 0.2704983922829582 0.1829405162738496 0.18167202572347266 0.020202020202020204
0 0.24236334405144694 0.11588103254769921 0.21784565916398713 0.02749719416386083
1 0.41318327974276525 0.18265993265993266 0.09565916398713827 0.020763187429854096
1 0.5964630225080386 0.18153759820426488 0.26768488745980706 0.018518518518518517
1 0.8102893890675241 0.17845117845117844 0.15594855305466238 0.020763187429854096
1 0.2459807073954984 0.20342312008978675 0.15434083601286175 0.019079685746352413
1 0.3894694533762058 0.20173961840628507 0.13585209003215434 0.018518518518518517
1 0.5092443729903537 0.2025813692480359 0.09807073954983923 0.016835016835016835
1 0.5984726688102894 0.20089786756453423 0.07797427652733119 0.019079685746352413
1 0.7045819935691319 0.19921436588103256 0.13263665594855306 0.019079685746352413
1 0.8372186495176849 0.19809203142536475 0.12781350482315113 0.020763187429854096
1 0.37017684887459806 0.22250280583613916 0.3963022508038585 0.020202020202020204
1 0.7379421221864951 0.22109988776655443 0.33520900321543406 0.020763187429854096