5 0.7326612903225806 0.6993725042783799 0.26048387096774195 0.026240730176839703
6 0.7354838709677419 0.6018254420992584 0.21935483870967742 0.02167712492869367
3 0.7895161290322581 0.1468910439247005 0.27338709677419354 0.023958927552766685
1 0.20887096774193548 0.2096406160867085 0.13951612903225807 0.015972618368511125
1 0.18911290322580646 0.22589845978322876 0.020967741935483872 0.015972618368511125
1 0.17620967741935484 0.19252709640616086 0.07983870967741935 0.01426126640045636
1 0.31411290322580643 0.1759840273816315 0.33548387096774196 0.017113519680547633
0 0.3064516129032258 0.15658870507701084 0.19838709677419356 0.02053622361665716
4 0.31451612903225806 0.09868796349115802 0.27983870967741936 0.02338847689674843
4 0.31733870967741934 0.12122076440387906 0.175 0.022818026240730177
1 0.27419354838709675 0.19309754706217913 0.11209677419354838 0.01654306902452938
1 0.36935483870967745 0.1939532230462065 0.07661290322580645 0.017683970336565887
1 0.4508064516129032 0.19537934968625215 0.08306451612903226 0.01426126640045636
1 0.3556451612903226 0.210781517398745 0.14838709677419354 0.014831717056474614
1 0.4600806451612903 0.2116371933827724 0.056451612903225805 0.01540216771249287
1 0.2814516129032258 0.22732458642327438 0.1596774193548387 0.01825442099258414
1 0.4056451612903226 0.2276098117512835 0.08548387096774193 0.015972618368511125