0 0.24078525641025642 0.1252808988764045 0.21875 0.02752808988764045
4 0.23998397435897437 0.0747191011235955 0.2091346153846154 0.021348314606741574
2 0.532051282051282 0.18651685393258427 0.14102564102564102 0.023033707865168538
3 0.7395833333333334 0.13230337078651686 0.29086538461538464 0.02359550561797753
4 0.2423878205128205 0.09438202247191012 0.17387820512820512 0.019101123595505618
1 0.27163461538461536 0.20449438202247192 0.15064102564102563 0.021348314606741574
1 0.3313301282051282 0.22528089887640448 0.16506410256410256 0.020786516853932586
1 0.39342948717948717 0.20561797752808988 0.08814102564102565 0.01853932584269663
1 0.5020032051282052 0.20730337078651687 0.1233974358974359 0.016853932584269662
1 0.7223557692307693 0.20814606741573033 0.3125 0.017977528089887642
1 0.4719551282051282 0.22612359550561797 0.10496794871794872 0.01741573033707865
1 0.6746794871794872 0.22668539325842696 0.2932692307692308 0.01853932584269663