2 0.5137096774193548 0.20878494010268112 0.14112903225806453 0.02338847689674843
3 0.7052419354838709 0.1468910439247005 0.2887096774193548 0.02852253280091272
4 0.2669354838709677 0.08670849971477468 0.28951612903225804 0.032515687393040504
0 0.2693548387096774 0.143468339988591 0.19274193548387097 0.022247575584711923
1 0.2411290322580645 0.22818026240730177 0.07338709677419354 0.021106674272675412
1 0.3282258064516129 0.22875071306332 0.09838709677419355 0.01939532230462065
1 0.42983870967741933 0.22989161437535655 0.09758064516129032 0.01825442099258414
1 0.5532258064516129 0.23131774101540217 0.14112903225806453 0.01825442099258414
1 0.7262096774193548 0.23131774101540217 0.19838709677419356 0.01825442099258414
1 0.24274193548387096 0.2484312606959498 0.10241935483870968 0.01654306902452938
1 0.3294354838709677 0.24814603536794066 0.06290322580645161 0.02053622361665716
1 0.45161290322580644 0.2484312606959498 0.17338709677419356 0.01654306902452938
1 0.6141129032258065 0.25014261266400456 0.1435483870967742 0.01939532230462065
1 0.7649193548387097 0.2504278379920137 0.14677419354838708 0.017683970336565887
1 0.28225806451612906 0.2672561323445522 0.24838709677419354 0.018824871648602397
1 0.4729838709677419 0.2683970336565887 0.1217741935483871 0.019965772960638905
1 0.5987903225806451 0.2695379349686252 0.11935483870967742 0.018824871648602397
1 0.682258064516129 0.2692527096406161 0.03870967741935484 0.017113519680547633
1 0.7883064516129032 0.2695379349686252 0.1693548387096774 0.019965772960638905