4 0.28669354838709676 0.10005701254275941 0.20080645161290323 0.019954389965792473
2 0.5193548387096775 0.18415051311288483 0.12903225806451613 0.022234891676168756
4 0.2875 0.11887115165336375 0.21451612903225806 0.018814139110604332
0 0.2870967741935484 0.15364880273660206 0.1717741935483871 0.02280501710376283
1 0.521774193548387 0.27964652223489167 0.6040322580645161 0.021094640820980615
5 0.7536290322580645 0.8586088939566705 0.20403225806451614 0.02280501710376283
3 0.7120967741935483 0.1556442417331813 0.2669354838709677 0.026225769669327253
1 0.5233870967741936 0.20267958950969214 0.6072580645161291 0.021094640820980615
1 0.525 0.24173318129988597 0.7435483870967742 0.018244013683010263
1 0.5262096774193549 0.26083238312428736 0.7209677419354839 0.01767388825541619
6 0.75 0.7348916761687572 0.10887096774193548 0.021664766248574687
1 0.5241935483870968 0.22377423033067276 0.7403225806451613 0.019384264538198404