4 0.22219053051911009 0.12741935483870967 0.20422133485453509 0.031451612903225803
0 0.22133485453508273 0.18024193548387096 0.12093553907586994 0.03064516129032258
1 0.2296063890473474 0.25725806451612904 0.1814033086138049 0.024193548387096774
4 0.22247575584711923 0.09516129032258064 0.21791215059897318 0.03387096774193549
6 0.8351397604107245 0.7903225806451613 0.16714204221334855 0.03064516129032258
3 0.8571021106674273 0.17459677419354838 0.19224187107815174 0.036290322580645164
1 0.17170564746149458 0.20806451612903226 0.05362236166571591 0.02258064516129032
5 0.833998859098688 0.9237903225806452 0.12207644038790645 0.03387096774193549
1 0.22903593839132916 0.20806451612903226 0.05989731888191671 0.021774193548387097
1 0.2872219053051911 0.21008064516129032 0.05362236166571591 0.025
1 0.19053051911009697 0.2310483870967742 0.09355390758699372 0.024193548387096774
1 0.27410154021677124 0.23266129032258065 0.07187678265830005 0.020967741935483872