0 0.26642628205128205 0.12052572706935123 0.21474358974358973 0.028523489932885907
4 0.2620192307692308 0.07158836689038031 0.21153846153846154 0.02181208053691275
4 0.26482371794871795 0.09116331096196868 0.18269230769230768 0.019574944071588368
2 0.5360576923076923 0.17533557046979867 0.14022435897435898 0.02181208053691275
3 0.7259615384615384 0.11577181208053691 0.2916666666666667 0.026845637583892617
1 0.20793269230769232 0.19714765100671142 0.14903846153846154 0.02348993288590604
1 0.35376602564102566 0.19686800894854586 0.13541666666666666 0.02069351230425056
1 0.5060096153846154 0.19686800894854586 0.16826923076923078 0.01901565995525727
1 0.688301282051282 0.19574944071588368 0.18990384615384615 0.021252796420581657
1 0.8137019230769231 0.19491051454138703 0.05689102564102564 0.019574944071588368
1 0.8633814102564102 0.19323266219239374 0.035256410256410256 0.024049217002237135
1 0.266025641025641 0.21784116331096195 0.09294871794871795 0.018456375838926176
1 0.39783653846153844 0.21756152125279643 0.1642628205128205 0.020134228187919462
1 0.5364583333333334 0.21672259507829977 0.10496794871794872 0.021252796420581657
1 0.6923076923076923 0.21588366890380314 0.20673076923076922 0.02069351230425056