5 0.7931451612903225 0.8927552766685681 0.17661290322580644 0.023958927552766685
3 0.7947580645161291 0.13491158014831717 0.25967741935483873 0.02338847689674843
6 0.7923387096774194 0.7572732458642327 0.17016129032258065 0.026240730176839703
4 0.2911290322580645 0.11494580718767827 0.21693548387096775 0.021106674272675412
0 0.2915322580645161 0.15116942384483742 0.19596774193548386 0.022818026240730177
1 0.22822580645161292 0.17113519680547631 0.1782258064516129 0.015972618368511125
4 0.2939516129032258 0.09355390758699372 0.2782258064516129 0.02167712492869367
1 0.1786290322580645 0.18739304050199657 0.08225806451612903 0.017113519680547633
1 0.24798387096774194 0.20507701083856247 0.22822580645161292 0.01540216771249287
1 0.38548387096774195 0.17113519680547631 0.1282258064516129 0.01540216771249287
1 0.2685483870967742 0.18739304050199657 0.09112903225806451 0.017683970336565887
1 0.3487903225806452 0.18710781517398745 0.06290322580645161 0.01540216771249287
1 0.4181451612903226 0.18625213918996006 0.06774193548387097 0.015972618368511125
1 0.4112903225806452 0.2025099828864803 0.0935483870967742 0.01540216771249287