2 0.5459677419354839 0.19110096976611524 0.15725806451612903 0.022818026240730177
4 0.31411290322580643 0.09583571021106674 0.22096774193548388 0.02167712492869367
0 0.31048387096774194 0.1520250998288648 0.1870967741935484 0.026811180832857957
4 0.3153225806451613 0.1163719338277239 0.20806451612903226 0.019965772960638905
1 0.2786290322580645 0.20878494010268112 0.10483870967741936 0.017113519680547633
5 0.7064516129032258 0.84312606959498 0.11048387096774194 0.023958927552766685
1 0.4483870967741935 0.24871648602395893 0.08870967741935484 0.017683970336565887
6 0.6983870967741935 0.7062179121505989 0.36935483870967745 0.02338847689674843
3 0.7387096774193549 0.14090131203650885 0.24516129032258063 0.02338847689674843
1 0.30201612903225805 0.22875071306332 0.11048387096774194 0.018824871648602397
1 0.5100806451612904 0.21192241871078152 0.2153225806451613 0.01939532230462065
1 0.6838709677419355 0.2136337706788363 0.12661290322580646 0.01540216771249287
1 0.7903225806451613 0.21420422133485453 0.08306451612903226 0.01825442099258414
1 0.3665322580645161 0.20907016543069024 0.06693548387096775 0.02053622361665716
1 0.4661290322580645 0.23131774101540217 0.2129032258064516 0.01825442099258414
1 0.5891129032258065 0.2307472903593839 0.024193548387096774 0.014831717056474614
1 0.6596774193548387 0.2318881916714204 0.10967741935483871 0.017683970336565887
1 0.7665322580645161 0.2338847689674843 0.10241935483870968 0.017683970336565887
1 0.5161290322580645 0.24928693667997717 0.04112903225806452 0.01654306902452938
1 0.5959677419354839 0.24985738733599544 0.11612903225806452 0.018824871648602397