5 0.7149193548387097 0.8368511123787792 0.14838709677419354 0.023958927552766685
3 0.8149193548387097 0.11095265259555048 0.25483870967741934 0.027952082144894468
4 0.33064516129032256 0.09783228750713063 0.31451612903225806 0.019965772960638905
1 0.17016129032258065 0.1896748431260696 0.03387096774193549 0.01654306902452938
4 0.3270161290322581 0.1183685111237878 0.3411290322580645 0.02167712492869367
6 0.7149193548387097 0.7213348545350827 0.4 0.026811180832857957
1 0.1842741935483871 0.1731317741015402 0.09919354838709678 0.014831717056474614
4 0.3326612903225806 0.07729606389047347 0.28225806451612906 0.018824871648602397
0 0.3241935483870968 0.15316600114090131 0.2435483870967742 0.02452937820878494
1 0.2693548387096774 0.17427267541357672 0.05967741935483871 0.01654306902452938
1 0.3387096774193548 0.17484312606959498 0.07741935483870968 0.01426126640045636
1 0.43185483870967745 0.1739874500855676 0.10403225806451613 0.015972618368511125
1 0.5048387096774194 0.1751283513976041 0.037096774193548385 0.017683970336565887
1 0.22056451612903225 0.19024529378208785 0.06774193548387097 0.017683970336565887
1 0.2870967741935484 0.19053051911009697 0.06129032258064516 0.01426126640045636
1 0.41330645161290325 0.19138619509412436 0.18306451612903227 0.01540216771249287