0 0.3185483870967742 0.13662293211637194 0.175 0.025099828864803195
6 0.7314516129032258 0.6409013120365088 0.2854838709677419 0.01939532230462065
5 0.7290322580645161 0.7592698231602967 0.1814516129032258 0.022818026240730177
4 0.3133064516129032 0.10182544209925841 0.2854838709677419 0.021106674272675412
1 0.2737903225806452 0.1571591557330291 0.14596774193548387 0.017113519680547633
3 0.8036290322580645 0.10895607529948659 0.26129032258064516 0.01825442099258414
4 0.3189516129032258 0.08185966913861951 0.3064516129032258 0.02167712492869367
1 0.225 0.17341699942954936 0.0846774193548387 0.01540216771249287
1 0.3629032258064516 0.15887050770108385 0.03387096774193549 0.01426126640045636
1 0.47258064516129034 0.15972618368511124 0.18548387096774194 0.017113519680547633
1 0.3149193548387097 0.17541357672561322 0.08870967741935484 0.01426126640045636
1 0.16975806451612904 0.17113519680547631 0.021774193548387097 0.017683970336565887
1 0.4044354838709677 0.1759840273816315 0.08306451612903226 0.01654306902452938
1 0.5274193548387097 0.17769537934968624 0.1596774193548387 0.01654306902452938
1 0.18951612903225806 0.1896748431260696 0.08629032258064516 0.01540216771249287
1 0.27983870967741936 0.19053051911009697 0.08870967741935484 0.013690815744438107
1 0.3725806451612903 0.19167142042213348 0.09274193548387097 0.01540216771249287
1 0.48951612903225805 0.19281232173416998 0.1338709677419355 0.01654306902452938
1 0.594758064516129 0.19423844837421564 0.07096774193548387 0.01540216771249287
1 0.2306451612903226 0.20821448944666288 0.1629032258064516 0.021106674272675412
1 0.3620967741935484 0.2073588134626355 0.09596774193548387 0.01654306902452938
1 0.5108870967741935 0.20935539075869938 0.19193548387096773 0.01540216771249287