5 0.7870967741935484 0.6996577296063891 0.13225806451612904 0.01939532230462065
3 0.7975806451612903 0.1226468910439247 0.2564516129032258 0.02167712492869367
6 0.7842741935483871 0.5961209355390759 0.16532258064516128 0.02053622361665716
4 0.2721774193548387 0.0975470621791215 0.2991935483870968 0.022818026240730177
0 0.3310483870967742 0.13405590416428978 0.14758064516129032 0.022818026240730177
4 0.2762096774193548 0.07501426126640046 0.27983870967741936 0.022818026240730177
1 0.23266129032258065 0.15316600114090131 0.11451612903225807 0.015972618368511125
1 0.3084677419354839 0.1528807758128922 0.035483870967741936 0.014831717056474614
1 0.36532258064516127 0.15373645179691955 0.07419354838709677 0.017683970336565887
1 0.4435483870967742 0.15459212778094694 0.07983870967741935 0.017113519680547633
1 0.2814516129032258 0.1699942954934398 0.1 0.018824871648602397
1 0.3842741935483871 0.17056474614945807 0.09919354838709678 0.01654306902452938