1 0.5193236714975845 0.2883190883190883 0.6409017713365539 0.018803418803418803
1 0.5189210950080515 0.3074074074074074 0.427536231884058 0.019373219373219373
1 0.5213365539452496 0.2695156695156695 0.5603864734299517 0.018233618233618232
2 0.5201288244766505 0.24985754985754985 0.13365539452495975 0.021082621082621083
4 0.2805958132045089 0.09515669515669516 0.249597423510467 0.019373219373219373
3 0.7218196457326892 0.18774928774928776 0.2640901771336554 0.02621082621082621
4 0.2830112721417069 0.07606837606837606 0.24879227053140096 0.020512820512820513
0 0.27938808373590984 0.19230769230769232 0.24235104669887278 0.021082621082621083
4 0.28180354267310787 0.11367521367521367 0.2834138486312399 0.017663817663817662
4 0.28140096618357485 0.1683760683760684 0.21256038647342995 0.019373219373219373
4 0.28019323671497587 0.13076923076923078 0.2673107890499195 0.018233618233618232
4 0.28180354267310787 0.1475783475783476 0.21658615136876005 0.019373219373219373