4 0.27183673469387754 0.0723760092272203 0.21714285714285714 0.020184544405997693
1 0.5306122448979592 0.23961937716262977 0.2897959183673469 0.01903114186851211
0 0.2673469387755102 0.11880046136101499 0.1983673469387755 0.025374855824682813
4 0.2702040816326531 0.0919838523644752 0.2 0.01787773933102653
1 0.2706122448979592 0.1779123414071511 0.17224489795918368 0.0196078431372549
2 0.5314285714285715 0.15974625144175317 0.13306122448979593 0.02306805074971165
1 0.32081632653061226 0.2179930795847751 0.23183673469387756 0.021337946943483274
3 0.7048979591836735 0.1242791234140715 0.22938775510204082 0.024798154555940023
1 0.42857142857142855 0.18021914648212226 0.1363265306122449 0.01787773933102653
1 0.7028571428571428 0.18079584775086505 0.2 0.020184544405997693
1 0.8404081632653061 0.18108419838523646 0.06857142857142857 0.02249134948096886
1 0.1983673469387755 0.197520184544406 0.09714285714285714 0.020184544405997693
1 0.2869387755102041 0.1986735870818916 0.07346938775510205 0.01845444059976932
1 0.5493877551020409 0.18166089965397925 0.09795918367346938 0.01787773933102653
1 0.36489795918367346 0.1978085351787774 0.07755102040816327 0.01903114186851211
1 0.45510204081632655 0.19925028835063438 0.09551020408163265 0.01845444059976932
1 0.5408163265306123 0.19925028835063438 0.06938775510204082 0.01730103806228374
1 0.6093877551020408 0.20126874279123413 0.061224489795918366 0.01845444059976932
1 0.7375510204081632 0.20098039215686275 0.1926530612244898 0.01787773933102653
1 0.8697959183673469 0.20213379469434833 0.06693877551020408 0.01845444059976932
1 0.48 0.2174163783160323 0.08326530612244898 0.01903114186851211
1 0.5722448979591837 0.21943483275663206 0.0963265306122449 0.01903114186851211
1 0.736734693877551 0.22058823529411764 0.22857142857142856 0.01845444059976932