4 0.23508064516129032 0.06984036488027366 0.20806451612903226 0.022234891676168756
0 0.23346774193548386 0.1257126567844926 0.18225806451612903 0.026795895096921322
3 0.7342741935483871 0.11516533637400228 0.2685483870967742 0.028506271379703536
4 0.23669354838709677 0.09064994298745724 0.2 0.021664766248574687
1 0.19919354838709677 0.19811858608893956 0.11612903225806452 0.021664766248574687
2 0.5245967741935483 0.17132269099201825 0.13306451612903225 0.02280501710376283
1 0.3084677419354839 0.19640820980615736 0.09758064516129032 0.019384264538198404
1 0.4310483870967742 0.19384264538198404 0.14193548387096774 0.020524515393386546
1 0.605241935483871 0.19156214367160776 0.20161290322580644 0.01710376282782212
1 0.7532258064516129 0.18842645381984036 0.09193548387096774 0.020524515393386546
1 0.8540322580645161 0.18443557582668188 0.1032258064516129 0.023375142531356898
1 0.5899193548387097 0.21094640820980615 0.125 0.022234891676168756
1 0.5016129032258064 0.21436716077537057 0.04435483870967742 0.01767388825541619
1 0.3387096774193548 0.2186431014823261 0.11612903225806452 0.018814139110604332
1 0.43911290322580643 0.21579247434435575 0.08064516129032258 0.020524515393386546
1 0.7108870967741936 0.20923603192702395 0.11612903225806452 0.018814139110604332