4 0.2846774193548387 0.0943557582668187 0.19032258064516128 0.019954389965792473
1 0.6544354838709677 0.23517673888255416 0.1153225806451613 0.01767388825541619
4 0.2818548387096774 0.07440136830102623 0.2161290322580645 0.020524515393386546
1 0.3064516129032258 0.19184720638540478 0.07419354838709677 0.021664766248574687
1 0.2721774193548387 0.21265678449258837 0.09596774193548387 0.01710376282782212
0 0.2770161290322581 0.1305587229190422 0.2120967741935484 0.029076396807297605
3 0.7201612903225807 0.13740022805017105 0.2685483870967742 0.026225769669327253
2 0.5306451612903226 0.17360319270239452 0.13225806451612904 0.02280501710376283
1 0.39556451612903226 0.19327251995438996 0.0967741935483871 0.018814139110604332
1 0.5181451612903226 0.19469783352337514 0.13951612903225807 0.01767388825541619
1 0.6423387096774194 0.19640820980615736 0.10161290322580645 0.018244013683010263
1 0.7439516129032258 0.1961231470923603 0.0967741935483871 0.021094640820980615
1 0.3709677419354839 0.21237172177879132 0.0967741935483871 0.019954389965792473
1 0.4693548387096774 0.21265678449258837 0.09274193548387097 0.019954389965792473
1 0.5600806451612903 0.21550741163055873 0.07983870967741935 0.018244013683010263
1 0.7189516129032258 0.21636259977194983 0.22903225806451613 0.020524515393386546
1 0.4181451612903226 0.23261117445838084 0.15161290322580645 0.019954389965792473
1 0.5447580645161291 0.23432155074116306 0.09516129032258064 0.01767388825541619