4 0.2786290322580645 0.094 0.2903225806451613 0.018857142857142857
4 0.2818548387096774 0.07542857142857143 0.24919354838709679 0.021142857142857144
3 0.7241935483870968 0.13542857142857143 0.25887096774193546 0.027428571428571427
0 0.2778225806451613 0.12742857142857142 0.21774193548387097 0.028
2 0.5133064516129032 0.198 0.1774193548387097 0.025714285714285714
1 0.28951612903225804 0.21914285714285714 0.11774193548387096 0.019428571428571427
1 0.39314516129032256 0.21971428571428572 0.08709677419354839 0.018857142857142857
1 0.519758064516129 0.22085714285714286 0.16370967741935483 0.019428571428571427
1 0.7036290322580645 0.22142857142857142 0.19516129032258064 0.02057142857142857
1 0.33145161290322583 0.23914285714285713 0.1532258064516129 0.02
1 0.4681451612903226 0.24 0.11129032258064517 0.02057142857142857
1 0.5701612903225807 0.24142857142857144 0.08548387096774193 0.019428571428571427
1 0.6955645161290323 0.24142857142857144 0.16129032258064516 0.02057142857142857