4 0.29918367346938773 0.08940972222222222 0.2922448979591837 0.023148148148148147
4 0.29918367346938773 0.06626157407407407 0.24244897959183673 0.023726851851851853
2 0.5424489795918367 0.18547453703703703 0.15591836734693879 0.02546296296296296
0 0.296734693877551 0.12905092592592593 0.2416326530612245 0.03125
3 0.8285714285714286 0.14149305555555555 0.2546938775510204 0.028935185185185185
1 0.21918367346938775 0.20543981481481483 0.08571428571428572 0.019675925925925927
1 0.30326530612244895 0.2065972222222222 0.08244897959183674 0.024305555555555556
1 0.4057142857142857 0.20833333333333334 0.11836734693877551 0.019675925925925927
1 0.5432653061224489 0.21238425925925927 0.15346938775510205 0.02141203703703704
1 0.7391836734693877 0.21296296296296297 0.23020408163265307 0.024305555555555556
1 0.8840816326530613 0.21875 0.053061224489795916 0.019097222222222224
1 0.2836734693877551 0.22858796296296297 0.22285714285714286 0.019675925925925927
1 0.4661224489795918 0.23350694444444445 0.13224489795918368 0.020833333333333332
1 0.5844897959183674 0.23408564814814814 0.09387755102040816 0.018518518518518517
1 0.6926530612244898 0.23755787037037038 0.11428571428571428 0.020833333333333332
1 0.7991836734693878 0.23929398148148148 0.09142857142857143 0.020833333333333332
1 0.8620408163265306 0.23958333333333334 0.026122448979591838 0.019675925925925927
1 0.8938775510204081 0.24247685185185186 0.03346938775510204 0.019097222222222224
1 0.2146938775510204 0.25 0.053061224489795916 0.019097222222222224
1 0.2636734693877551 0.25144675925925924 0.03918367346938775 0.018518518518518517
1 0.3277551020408163 0.25202546296296297 0.08489795918367347 0.017361111111111112
1 0.4791836734693877 0.25376157407407407 0.20979591836734693 0.02199074074074074
1 0.6302040816326531 0.2586805555555556 0.09061224489795919 0.02025462962962963
1 0.7861224489795918 0.2612847222222222 0.21714285714285714 0.020833333333333332
1 0.34653061224489795 0.2743055555555556 0.18285714285714286 0.02141203703703704
1 0.503265306122449 0.2777777777777778 0.12408163265306123 0.018518518518518517
1 0.623265306122449 0.2806712962962963 0.1126530612244898 0.020833333333333332
1 0.7551020408163265 0.2821180555555556 0.13714285714285715 0.02025462962962963