0 0.3040816326530612 0.13434982738780207 0.22612244897959183 0.028768699654775604
4 0.3053061224489796 0.10040276179516686 0.29306122448979594 0.021288837744533946
4 0.3004081632653061 0.07825086306098965 0.24081632653061225 0.02243958573072497
2 0.5383673469387755 0.20109321058688148 0.15755102040816327 0.024165707710011506
3 0.803265306122449 0.1441311852704258 0.2546938775510204 0.02761795166858458
1 0.5351020408163265 0.24252013808975834 0.2571428571428571 0.021288837744533946
1 0.24897959183673468 0.21576524741081704 0.13306122448979593 0.023014959723820484
1 0.3620408163265306 0.21835443037974683 0.08734693877551021 0.020713463751438434
1 0.44285714285714284 0.22238204833141542 0.07183673469387755 0.0189873417721519
1 0.5657142857142857 0.22266973532796316 0.17224489795918368 0.0189873417721519
1 0.6726530612244898 0.2243958573072497 0.036734693877551024 0.017836593785960874
1 0.7946938775510204 0.226409666283084 0.1983673469387755 0.02243958573072497