4 0.3187755102040816 0.06660899653979238 0.2473469387755102 0.02249134948096886
3 0.8395918367346938 0.12831603229527105 0.25795918367346937 0.029988465974625143
4 0.31918367346938775 0.08794694348327567 0.2963265306122449 0.021337946943483274
2 0.5526530612244898 0.1773356401384083 0.15836734693877552 0.02364475201845444
0 0.3159183673469388 0.12139561707035755 0.19510204081632654 0.030565167243367934
1 0.25387755102040815 0.20184544405997693 0.11755102040816326 0.020761245674740483
1 0.37183673469387757 0.2041522491349481 0.1126530612244898 0.020761245674740483
1 0.6710204081632654 0.20472895040369088 0.47591836734693876 0.021337946943483274
1 0.2506122448979592 0.2228950403690888 0.13387755102040816 0.0196078431372549
1 0.3689795918367347 0.22491349480968859 0.09959183673469388 0.0196078431372549
1 0.4926530612244898 0.2243367935409458 0.1404081632653061 0.01903114186851211
1 0.6991836734693877 0.22520184544405997 0.2693877551020408 0.01903114186851211
1 0.5514285714285714 0.2442329873125721 0.4636734693877551 0.020761245674740483
1 0.8791836734693877 0.22808535178777392 0.09061224489795919 0.020761245674740483