3 0.8436482084690554 0.1513840830449827 0.2744299674267101 0.020184544405997693
4 0.254885993485342 0.08246828143021914 0.25732899022801303 0.02364475201845444
4 0.25651465798045603 0.10438292964244521 0.31677524429967424 0.021337946943483274
2 0.5427524429967426 0.2029988465974625 0.1563517915309446 0.021337946943483274
0 0.252442996742671 0.14215686274509803 0.19055374592833876 0.02883506343713956
1 0.2907166123778502 0.24134948096885814 0.09446254071661238 0.01903114186851211
1 0.32328990228013027 0.22087658592848905 0.11237785016286644 0.016147635524798153
1 0.4535830618892508 0.22260668973471742 0.13925081433224756 0.01903114186851211
1 0.5818403908794788 0.2243367935409458 0.11237785016286644 0.020184544405997693
1 0.6767100977198697 0.22491349480968859 0.07166123778501629 0.01845444059976932
1 0.7630293159609121 0.22606689734717417 0.09201954397394137 0.020184544405997693
1 0.3998371335504886 0.24134948096885814 0.11970684039087948 0.01787773933102653
1 0.5223941368078175 0.2442329873125721 0.1245928338762215 0.01903114186851211
1 0.6437296416938111 0.24596309111880046 0.11237785016286644 0.02306805074971165
1 0.7719869706840391 0.24625144175317185 0.14006514657980457 0.020184544405997693