4 0.2710016155088853 0.10285714285714286 0.30048465266558966 0.021142857142857144
0 0.2681744749596123 0.1437142857142857 0.24394184168012925 0.032
4 0.2681744749596123 0.082 0.25121163166397414 0.022857142857142857
2 0.5205977382875606 0.19742857142857143 0.1567043618739903 0.025714285714285714
3 0.802907915993538 0.14685714285714285 0.2560581583198708 0.026857142857142857
1 0.5230210016155089 0.2622857142857143 0.7641357027463651 0.018857142857142857
1 0.5230210016155089 0.22257142857142856 0.752827140549273 0.021142857142857144
1 0.5246365105008077 0.24314285714285713 0.7576736672051696 0.018857142857142857
1 0.5250403877221325 0.28114285714285714 0.7689822294022617 0.017714285714285714
1 0.5222132471728594 0.3211428571428571 0.5896607431340872 0.02
1 0.2613085621970921 0.3008571428571429 0.16397415185783523 0.02057142857142857
1 0.6074313408723748 0.3008571428571429 0.5250403877221325 0.018857142857142857