4 0.2571428571428571 0.10358796296296297 0.2963265306122449 0.020833333333333332
2 0.5318367346938776 0.2144097222222222 0.16081632653061226 0.02662037037037037
4 0.2546938775510204 0.08304398148148148 0.24653061224489795 0.023148148148148147
0 0.2857142857142857 0.13859953703703703 0.2546938775510204 0.028935185185185185
1 0.3057142857142857 0.2777777777777778 0.10693877551020409 0.019097222222222224
3 0.810204081632653 0.14583333333333334 0.24653061224489795 0.02199074074074074
1 0.2836734693877551 0.23900462962962962 0.10122448979591837 0.019675925925925927
1 0.4 0.23987268518518517 0.12 0.020833333333333332
1 0.5057142857142857 0.2416087962962963 0.08897959183673469 0.02025462962962963
1 0.6587755102040816 0.2427662037037037 0.21551020408163266 0.019097222222222224
1 0.806530612244898 0.2427662037037037 0.08081632653061224 0.02199074074074074
1 0.1689795918367347 0.2560763888888889 0.04816326530612245 0.023148148148148147
1 0.8746938775510205 0.24623842592592593 0.05877551020408163 0.017939814814814815
1 0.2473469387755102 0.2583912037037037 0.10612244897959183 0.019097222222222224
1 0.3726530612244898 0.25983796296296297 0.13795918367346938 0.019097222222222224
1 0.5020408163265306 0.26070601851851855 0.11346938775510204 0.019097222222222224
1 0.6493877551020408 0.26273148148148145 0.1689795918367347 0.019675925925925927
1 0.7938775510204081 0.26417824074074076 0.11346938775510204 0.017939814814814815
1 0.8820408163265306 0.2650462962962963 0.062040816326530614 0.020833333333333332
1 0.3820408163265306 0.2803819444444444 0.04163265306122449 0.019675925925925927
1 0.4722448979591837 0.2806712962962963 0.13224489795918368 0.019675925925925927
1 0.6008163265306122 0.2824074074074074 0.12326530612244897 0.022569444444444444
1 0.7338775510204082 0.2821180555555556 0.14612244897959184 0.019675925925925927