4 0.29516129032258065 0.0963302752293578 0.29435483870967744 0.02236238532110092
2 0.5290322580645161 0.19208715596330275 0.15806451612903225 0.022935779816513763
4 0.29516129032258065 0.07454128440366972 0.24919354838709679 0.02236238532110092
0 0.2939516129032258 0.13962155963302753 0.23870967741935484 0.03096330275229358
3 0.8125 0.14248853211009174 0.2524193548387097 0.020068807339449542
1 0.3875 0.2330848623853211 0.4153225806451613 0.018922018348623854
1 0.28669354838709676 0.21330275229357798 0.2346774193548387 0.020068807339449542
1 0.44233870967741934 0.21387614678899083 0.06774193548387097 0.020068807339449542
1 0.6834677419354839 0.21387614678899083 0.4129032258064516 0.020068807339449542
1 0.7383064516129032 0.23337155963302753 0.27983870967741936 0.01834862385321101
1 0.23306451612903226 0.25286697247706424 0.07338709677419354 0.017775229357798166
1 0.45725806451612905 0.2525802752293578 0.36774193548387096 0.0194954128440367
1 0.7524193548387097 0.25344036697247707 0.2161290322580645 0.020642201834862386
1 0.5282258064516129 0.27293577981651373 0.38306451612903225 0.020068807339449542