4 0.3148148148148148 0.11253561253561253 0.35668276972624796 0.02905982905982906
0 0.3083735909822866 0.15185185185185185 0.1473429951690821 0.02678062678062678
3 0.7528180354267311 0.15384615384615385 0.2616747181964573 0.02792022792022792
2 0.5068438003220612 0.22421652421652422 0.1682769726247987 0.02564102564102564
1 0.5088566827697263 0.24843304843304842 0.20853462157809985 0.023931623931623933
1 0.21940418679549115 0.2886039886039886 0.08293075684380032 0.017663817663817662
1 0.2532206119162641 0.26666666666666666 0.17954911433172302 0.02507122507122507
1 0.4722222222222222 0.2720797720797721 0.25684380032206117 0.023931623931623933
1 0.6614331723027376 0.27464387464387463 0.11594202898550725 0.019943019943019943
1 0.7870370370370371 0.2772079772079772 0.12640901771336555 0.02507122507122507
1 0.35144927536231885 0.2923076923076923 0.17552334943639292 0.020512820512820513
1 0.5173107890499195 0.29430199430199433 0.143317230273752 0.022792022792022793
1 0.6388888888888888 0.2968660968660969 0.09259259259259259 0.023931623931623933
1 0.7065217391304348 0.298005698005698 0.036231884057971016 0.022792022792022793
1 0.7805958132045089 0.3002849002849003 0.10547504025764895 0.022222222222222223