4 0.2939739413680782 0.11922632794457275 0.3273615635179153 0.022517321016166283
4 0.2935667752442997 0.09757505773672055 0.28583061889250816 0.02424942263279446
2 0.5362377850162866 0.2144919168591224 0.16042345276872963 0.023094688221709007
0 0.2931596091205212 0.15675519630484988 0.2003257328990228 0.03002309468822171
1 0.32043973941368076 0.23094688221709006 0.21009771986970685 0.022517321016166283
3 0.8224755700325733 0.16166281755196305 0.25732899022801303 0.029445727482678985
1 0.4767915309446254 0.23556581986143188 0.10504885993485343 0.017321016166281754
1 0.5822475570032574 0.2361431870669746 0.10504885993485343 0.01905311778290993
1 0.6877035830618893 0.23787528868360278 0.10179153094462541 0.021939953810623556
1 0.8013029315960912 0.23816397228637412 0.12214983713355049 0.02367205542725173
1 0.26262214983713356 0.25057736720554274 0.19462540716612378 0.01789838337182448
1 0.4515472312703583 0.25490762124711314 0.1791530944625407 0.017321016166281754
1 0.5973127035830619 0.2569284064665127 0.10423452768729642 0.016166281755196306
1 0.7231270358306189 0.25894919168591224 0.14250814332247558 0.02020785219399538
1 0.8542345276872965 0.25981524249422633 0.11563517915309446 0.02020785219399538
1 0.3566775244299674 0.2739607390300231 0.13273615635179153 0.022517321016166283
1 0.4564332247557003 0.27424942263279445 0.06514657980456026 0.020785219399538105
1 0.5069218241042345 0.27511547344110854 0.03257328990228013 0.019630484988452657
1 0.6592019543973942 0.27742494226327946 0.2671009771986971 0.020785219399538105