2 0.5253623188405797 0.18707289293849658 0.1570048309178744 0.019931662870159454
4 0.2753623188405797 0.09652619589977221 0.25925925925925924 0.021070615034168565
3 0.7028985507246377 0.13211845102505695 0.2922705314009662 0.02847380410022779
4 0.27375201288244766 0.07574031890660592 0.2576489533011272 0.02164009111617312
0 0.27334943639291465 0.1315489749430524 0.249597423510467 0.029612756264236904
1 0.21739130434782608 0.20558086560364464 0.0861513687600644 0.019931662870159454
1 0.5265700483091788 0.2645216400911162 0.535426731078905 0.02050113895216401
1 0.5269726247987118 0.24430523917995445 0.7447665056360708 0.01879271070615034
1 0.5245571658615137 0.22608200455580865 0.6884057971014492 0.01765375854214123
1 0.30475040257648955 0.20643507972665148 0.08373590982286634 0.02050113895216401
1 0.6131239935587761 0.20700455580865604 0.5281803542673108 0.01879271070615034