2 0.5032310177705978 0.17105263157894737 0.16155088852988692 0.02459954233409611
4 0.26292407108239096 0.06664759725400457 0.2455573505654281 0.02288329519450801
1 0.5076736672051696 0.19221967963386727 0.2633279483037157 0.017162471395881007
4 0.2621163166397415 0.08752860411899313 0.2956381260096931 0.02116704805491991
0 0.2592891760904685 0.12299771167048056 0.20193861066235863 0.03032036613272311
3 0.8162358642972536 0.12471395881006865 0.27059773828756056 0.02574370709382151
1 0.505654281098546 0.21024027459954234 0.7738287560581584 0.018306636155606407
1 0.5076736672051696 0.2288329519450801 0.8037156704361874 0.019450800915331808
1 0.2859450726978998 0.26887871853546913 0.34248788368336025 0.02002288329519451
1 0.3647011308562197 0.2482837528604119 0.5008077544426495 0.019450800915331808
1 0.7584814216478191 0.24914187643020594 0.2827140549273021 0.019450800915331808
1 0.6805331179321487 0.26744851258581237 0.44345718901453957 0.018306636155606407
1 0.32390953150242324 0.28861556064073224 0.38287560581583197 0.01887871853546911
1 0.697092084006462 0.28804347826086957 0.3578352180936995 0.02288329519450801