4 0.30662305805396567 0.09809027777777778 0.3008994276369583 0.02025462962962963
4 0.3070318887980376 0.0775462962962963 0.2510220768601799 0.022569444444444444
2 0.5453802125919869 0.20543981481481483 0.16189697465249386 0.027199074074074073
3 0.8426001635322976 0.13194444444444445 0.24611610793131644 0.03009259259259259
0 0.30376124284546197 0.13136574074074073 0.1856091578086672 0.028356481481481483
1 0.2579721995094031 0.23119212962962962 0.12346688470973018 0.02199074074074074
1 0.20686835650040883 0.25318287037037035 0.09566639411283728 0.02025462962962963
1 0.3221586263286999 0.25318287037037035 0.12755519215044972 0.017939814814814815
1 0.38266557645134913 0.23350694444444445 0.11774325429272281 0.019675925925925927
1 0.509403107113655 0.23119212962962962 0.1357318070318888 0.019675925925925927
1 0.6275551921504497 0.23061342592592593 0.0964840556009812 0.02025462962962963
1 0.48650858544562553 0.25144675925925924 0.19869174161896974 0.019675925925925927
1 0.6418642681929682 0.2508680555555556 0.107113654946852 0.017939814814814815
1 0.7248569092395748 0.23061342592592593 0.09076042518397383 0.02025462962962963
1 0.8336058871627147 0.22974537037037038 0.12019623875715454 0.01678240740740741
1 0.7747342600163533 0.25 0.1463614063777596 0.018518518518518517
1 0.8969746524938675 0.24739583333333334 0.08994276369582993 0.01678240740740741
1 0.39165985282093213 0.2717013888888889 0.08094848732624693 0.02025462962962963
1 0.49141455437448894 0.2711226851851852 0.11447260834014718 0.018518518518518517
1 0.6455437448896157 0.2699652777777778 0.19705641864268192 0.019097222222222224