4 0.28135179153094464 0.10057803468208093 0.2939739413680782 0.02138728323699422
4 0.28013029315960913 0.07919075144508671 0.24511400651465798 0.02254335260115607
2 0.5321661237785016 0.20520231213872833 0.16042345276872963 0.02485549132947977
1 0.5276872964169381 0.3219653179190751 0.18159609120521172 0.023121387283236993
0 0.27890879478827363 0.14017341040462428 0.24592833876221498 0.03005780346820809
1 0.5309446254071661 0.22803468208092487 0.7662866449511401 0.02485549132947977
3 0.7968241042345277 0.14710982658959537 0.24022801302931596 0.028323699421965318
1 0.28379478827361565 0.25 0.24022801302931596 0.020809248554913295
1 0.5297231270358306 0.2754335260115607 0.6644951140065146 0.02254335260115607
1 0.5321661237785016 0.2991329479768786 0.6506514657980456 0.02138728323699422
1 0.46213355048859933 0.2526011560693642 0.11319218241042345 0.02254335260115607
1 0.7084690553745928 0.25346820809248555 0.3721498371335505 0.023121387283236993