2 0.5501618122977346 0.17353951890034364 0.15372168284789645 0.021764032073310423
4 0.308252427184466 0.06071019473081329 0.24514563106796117 0.022909507445589918
0 0.30784789644012944 0.11282932416953036 0.17233009708737865 0.022909507445589918
4 0.3070388349514563 0.0804696449026346 0.29449838187702265 0.020618556701030927
1 0.2580906148867314 0.19014891179839633 0.14158576051779936 0.021764032073310423
3 0.8470873786407767 0.12084765177548683 0.23786407766990292 0.023482245131729668
1 0.39603559870550165 0.19129438717067582 0.12864077669902912 0.022336769759450172
1 0.4955501618122977 0.1927262313860252 0.06553398058252427 0.018327605956471937
1 0.5659385113268608 0.19473081328751432 0.0703883495145631 0.018900343642611683
1 0.6371359223300971 0.1950171821305842 0.063915857605178 0.018327605956471937
1 0.7402912621359223 0.19558991981672394 0.14158576051779936 0.020618556701030927
1 0.8648867313915858 0.19788087056128292 0.1011326860841424 0.02004581901489118
1 0.27629449838187703 0.21105383734249714 0.10517799352750809 0.01718213058419244
1 0.3988673139158576 0.21191294387170675 0.13673139158576053 0.02004581901489118
1 0.5182038834951457 0.2124856815578465 0.0970873786407767 0.019473081328751432
1 0.6059870550161812 0.21506300114547539 0.07524271844660194 0.019473081328751432
1 0.69457928802589 0.21649484536082475 0.09789644012944984 0.02004581901489118
1 0.8098705501618123 0.218213058419244 0.13187702265372167 0.020618556701030927