2 0.5449029126213593 0.1950800915331808 0.15048543689320387 0.02402745995423341
4 0.28762135922330095 0.09267734553775744 0.24919093851132687 0.02288329519450801
4 0.2953074433656958 0.11327231121281464 0.2961165048543689 0.02116704805491991
0 0.2807443365695793 0.1513157894736842 0.24190938511326862 0.03032036613272311
1 0.8151294498381877 0.21624713958810068 0.16666666666666666 0.019450800915331808
1 0.2576860841423948 0.2322654462242563 0.0970873786407767 0.017734553775743706
3 0.8029935275080906 0.15675057208237986 0.2580906148867314 0.02803203661327231
1 0.5485436893203883 0.25257437070938216 0.23786407766990292 0.02002288329519451
1 0.26415857605177995 0.2122425629290618 0.12135922330097088 0.020594965675057208
1 0.35315533980582525 0.2122425629290618 0.05177993527508091 0.018306636155606407
1 0.43406148867313915 0.21310068649885583 0.10598705501618123 0.018306636155606407
1 0.5578478964401294 0.21538901601830662 0.14158576051779936 0.016590389016018305
1 0.34870550161812297 0.2316933638443936 0.08333333333333333 0.01887871853546911
1 0.4704692556634304 0.23255148741418763 0.15776699029126215 0.019450800915331808
1 0.6371359223300971 0.2339816933638444 0.17071197411003236 0.018306636155606407
1 0.8070388349514563 0.23627002288329518 0.17233009708737865 0.017162471395881007
1 0.6800161812297735 0.21596109839816935 0.0970873786407767 0.018306636155606407