4 0.2947882736156352 0.09148446490218642 0.23208469055374592 0.02186421173762946
4 0.2911237785016287 0.11306098964326812 0.2956026058631922 0.021288837744533946
0 0.2894951140065147 0.1550632911392405 0.23859934853420195 0.03049482163406214
2 0.5333876221498371 0.22928653624856157 0.15798045602605862 0.02704257767548907
3 0.8029315960912052 0.1636939010356732 0.254885993485342 0.02531645569620253
1 0.23859934853420195 0.2554660529344074 0.13925081433224756 0.020138089758342925
1 0.36400651465798045 0.25690448791714615 0.10912052117263844 0.02243958573072497
1 0.5252442996742671 0.2583429228998849 0.21416938110749187 0.02186421173762946
1 0.7186482084690554 0.262945914844649 0.16856677524429967 0.020138089758342925
1 0.8542345276872965 0.262945914844649 0.0985342019543974 0.02186421173762946
1 0.18363192182410423 0.2730149597238205 0.043973941368078175 0.01668584579976985
1 0.3469055374592834 0.2764672036823936 0.09283387622149837 0.017836593785960874
1 0.44828990228013027 0.27790563866513235 0.10830618892508144 0.019562715765247412
1 0.6856677524429967 0.2827963176064442 0.12866449511400652 0.019562715765247412
1 0.8253257328990228 0.2833716915995397 0.1465798045602606 0.021288837744533946
1 0.2528501628664495 0.2756041426927503 0.08957654723127036 0.0189873417721519
1 0.17182410423452768 0.2920023014959724 0.04071661237785016 0.019562715765247412
1 0.28420195439739415 0.2937284234752589 0.10342019543973942 0.017836593785960874
1 0.378257328990228 0.2963176064441887 0.08631921824104234 0.0189873417721519
1 0.4833061889250814 0.29804372842347526 0.11644951140065146 0.018411967779056387
1 0.5924267100977199 0.29948216340621403 0.1001628664495114 0.020138089758342925
1 0.7174267100977199 0.30264672036823936 0.14087947882736157 0.021288837744533946
1 0.8493485342019544 0.3043728423475259 0.11482084690553745 0.0189873417721519
1 0.21172638436482086 0.311277330264672 0.12296416938110749 0.01668584579976985
1 0.3241042345276873 0.31501726121979284 0.09446254071661238 0.020713463751438434
1 0.41245928338762217 0.31703107019562715 0.07573289902280131 0.02243958573072497
1 0.5337947882736156 0.3181818181818182 0.15798045602605862 0.0189873417721519
1 0.6592019543973942 0.3201956271576525 0.09120521172638436 0.0189873417721519
1 0.8070032573289903 0.32508630609896433 0.1978827361563518 0.02186421173762946
1 0.5305374592833876 0.3394706559263521 0.24348534201954397 0.02186421173762946
1 0.5606677524429967 0.27963176064441886 0.11563517915309446 0.020713463751438434
1 0.21091205211726385 0.29344073647871116 0.035830618892508145 0.01726121979286536