4 0.30522088353413657 0.10890527509926262 0.25301204819277107 0.02041973908111174
0 0.3032128514056225 0.14492342597844582 0.2433734939759036 0.030062393647192286
2 0.5481927710843374 0.2019285309132161 0.15100401606425704 0.02041973908111174
4 0.30522088353413657 0.08820192853091322 0.25542168674698795 0.02212138400453772
3 0.7224899598393574 0.14775950085082246 0.28433734939759037 0.023255813953488372
1 0.3819277108433735 0.2603516732841747 0.3180722891566265 0.017016449234259785
1 0.5473895582329317 0.27992058990357344 0.5389558232931727 0.021554169030062395
1 0.23815261044176708 0.2217810550198525 0.09558232931726908 0.018150879183210438
1 0.3437751004016064 0.24021554169030063 0.3397590361445783 0.019852524106636415
1 0.3216867469879518 0.22036301758366422 0.06506024096385542 0.02098695405558707
1 0.3927710843373494 0.2217810550198525 0.06987951807228916 0.017016449234259785
1 0.555421686746988 0.22064662507090188 0.25461847389558234 0.016449234259784458
1 0.7975903614457831 0.22036301758366422 0.22409638554216868 0.019852524106636415
1 0.606425702811245 0.23993193420306297 0.18152610441767067 0.019285309132161088
1 0.8815261044176707 0.24163357912648895 0.08674698795180723 0.01871809415768576
1 0.7678714859437751 0.23993193420306297 0.13654618473895583 0.01758366420873511
1 0.6381526104417671 0.2595008508224617 0.1895582329317269 0.019285309132161088
1 0.8032128514056225 0.2603516732841747 0.1357429718875502 0.01758366420873511