4 0.2701612903225806 0.09522439585730726 0.29758064516129035 0.021288837744533946
4 0.27056451612903226 0.0739355581127733 0.25483870967741934 0.02243958573072497
2 0.5346774193548387 0.18757192174913695 0.15725806451612903 0.025891829689298044
0 0.2685483870967742 0.13492520138089759 0.2217741935483871 0.02761795166858458
1 0.5379032258064517 0.33141542002301494 0.35 0.020713463751438434
1 0.5395161290322581 0.21317606444188722 0.7620967741935484 0.02243958573072497
3 0.8225806451612904 0.13636363636363635 0.2645161290322581 0.02531645569620253
1 0.5391129032258064 0.2344649021864212 0.7661290322580645 0.019562715765247412
1 0.5370967741935484 0.31185270425776757 0.6088709677419355 0.020138089758342925
1 0.5358870967741935 0.2537399309551208 0.7483870967741936 0.0189873417721519
1 0.5391129032258064 0.2928653624856157 0.7169354838709677 0.017836593785960874
1 0.5379032258064517 0.27387802071346373 0.7637096774193548 0.018411967779056387