4 0.2963709677419355 0.09231651376146789 0.2435483870967742 0.022935779816513763
4 0.2955645161290323 0.11410550458715596 0.29516129032258065 0.02236238532110092
2 0.5258064516129032 0.20154816513761467 0.1717741935483871 0.02236238532110092
0 0.29435483870967744 0.1625573394495413 0.19193548387096773 0.02981651376146789
1 0.5262096774193549 0.26146788990825687 0.714516129032258 0.0194954128440367
1 0.5286290322580646 0.2806766055045872 0.6830645161290323 0.018922018348623854
3 0.7943548387096774 0.1628440366972477 0.25161290322580643 0.02809633027522936
1 0.5282258064516129 0.24168577981651376 0.6959677419354838 0.0194954128440367
1 0.5278225806451613 0.2993119266055046 0.575 0.018922018348623854
1 0.5266129032258065 0.31880733944954126 0.47419354838709676 0.020068807339449542
1 0.5278225806451613 0.22161697247706422 0.7564516129032258 0.0194954128440367