2 0.5407166123778502 0.19421965317919074 0.15553745928338764 0.023699421965317918
4 0.30374592833876224 0.10144508670520232 0.2923452768729642 0.021965317919075144
4 0.30618892508143325 0.0800578034682081 0.24429967426710097 0.023121387283236993
1 0.4995928338762215 0.23554913294797689 0.18973941368078176 0.023121387283236993
0 0.30252442996742673 0.1329479768786127 0.19381107491856678 0.027745664739884393
3 0.8444625407166124 0.1393063583815029 0.252442996742671 0.023121387283236993
1 0.2935667752442997 0.21329479768786128 0.26058631921824105 0.021965317919075144
1 0.46213355048859933 0.21502890173410405 0.07003257328990228 0.01907514450867052
1 0.5309446254071661 0.21560693641618497 0.061074918566775244 0.01676300578034682
1 0.612785016286645 0.2176300578034682 0.1001628664495114 0.018497109826589597
1 0.7935667752442996 0.21734104046242775 0.252442996742671 0.023121387283236993
1 0.6376221498371335 0.23699421965317918 0.07736156351791532 0.019653179190751446