4 0.253257328990228 0.11274509803921569 0.31840390879478825 0.02249134948096886
2 0.5394951140065146 0.22145328719723184 0.15798045602605862 0.021337946943483274
4 0.2528501628664495 0.09054209919261823 0.26221498371335505 0.024798154555940023
0 0.2495928338762215 0.15570934256055363 0.24185667752442996 0.03229527104959631
1 0.43403908794788276 0.28027681660899656 0.052931596091205214 0.020761245674740483
3 0.8159609120521173 0.16551326412918108 0.2736156351791531 0.029988465974625143
1 0.2666938110749186 0.23846597462514418 0.20358306188925082 0.02364475201845444
1 0.41245928338762217 0.24192618223760093 0.08387622149837133 0.01903114186851211
1 0.49267100977198697 0.24192618223760093 0.07084690553745929 0.01903114186851211
1 0.5944625407166124 0.2436562860438293 0.13273615635179153 0.020184544405997693
1 0.7080618892508144 0.24452133794694347 0.08876221498371335 0.020184544405997693
1 0.7960097719869706 0.24596309111880046 0.08306188925081433 0.0196078431372549
1 0.8802931596091205 0.2491349480968858 0.07654723127035831 0.01730103806228374
1 0.5069218241042345 0.2828719723183391 0.08876221498371335 0.01903114186851211
1 0.6131921824104235 0.2825836216839677 0.11482084690553745 0.01730103806228374
1 0.2711726384364821 0.25951557093425603 0.18892508143322476 0.01787773933102653
1 0.49307817589576547 0.2615340253748558 0.249185667752443 0.016147635524798153
1 0.6913680781758957 0.26528258362168394 0.14413680781758959 0.01787773933102653
1 0.8375407166123778 0.2664359861591695 0.14006514657980457 0.020184544405997693