2 0.5195918367346939 0.20695652173913043 0.18285714285714286 0.028985507246376812
4 0.2726530612244898 0.1 0.313469387755102 0.022608695652173914
3 0.7979591836734694 0.13594202898550725 0.25551020408163266 0.027246376811594204
4 0.27224489795918366 0.07710144927536232 0.2620408163265306 0.02318840579710145
0 0.27183673469387754 0.13681159420289854 0.22448979591836735 0.03072463768115942
1 0.5187755102040816 0.33304347826086955 0.2546938775510204 0.020289855072463767
1 0.5208163265306123 0.23304347826086957 0.76 0.025507246376811593
1 0.5212244897959184 0.25507246376811593 0.7591836734693878 0.019130434782608695
1 0.5204081632653061 0.2936231884057971 0.7583673469387755 0.01855072463768116
1 0.5183673469387755 0.3130434782608696 0.7444897959183674 0.020289855072463767
1 0.5224489795918368 0.2744927536231884 0.7657142857142857 0.01971014492753623