2 0.5285714285714286 0.18952760387023335 0.15428571428571428 0.02333523050654525
0 0.27591836734693875 0.13460443938531588 0.17714285714285713 0.027888446215139442
4 0.2808163265306122 0.07911212293682413 0.2416326530612245 0.022766078542970972
4 0.28408163265306124 0.10073989755264656 0.28816326530612246 0.021627774615822423
1 0.5346938775510204 0.20944792259533296 0.4506122448979592 0.020489470688673878
3 0.7938775510204081 0.14114968696642002 0.24408163265306124 0.02390438247011952
1 0.3510204081632653 0.22936824132043254 0.28816326530612246 0.01935116676152533
1 0.46244897959183673 0.24928856004553215 0.1469387755102041 0.0199203187250996
1 0.5689795918367347 0.23022196926579397 0.14285714285714285 0.018782014797951052
1 0.7526530612244898 0.23136027319294253 0.21877551020408162 0.01935116676152533
1 0.606938775510204 0.24928856004553215 0.1404081632653061 0.018782014797951052