4 0.3 0.07052023121387284 0.24408163265306124 0.02254335260115607
0 0.29836734693877554 0.12196531791907514 0.19020408163265307 0.028323699421965318
2 0.5469387755102041 0.17427745664739885 0.16 0.020809248554913295
4 0.296734693877551 0.09132947976878612 0.2938775510204082 0.02023121387283237
3 0.8412244897959184 0.12427745664739884 0.2473469387755102 0.021965317919075144
1 0.24040816326530612 0.19190751445086704 0.1510204081632653 0.02138728323699422
1 0.3840816326530612 0.19277456647398844 0.13306122448979593 0.021965317919075144
1 0.5040816326530613 0.19537572254335261 0.10204081632653061 0.017341040462427744
1 0.7428571428571429 0.1947976878612717 0.3673469387755102 0.019653179190751446
1 0.6971428571428572 0.21502890173410405 0.44979591836734695 0.018497109826589597
1 0.3342857142857143 0.2115606936416185 0.12816326530612246 0.01676300578034682
1 0.43673469387755104 0.21329479768786128 0.06775510204081632 0.018497109826589597
1 0.21959183673469387 0.21242774566473988 0.0963265306122449 0.018497109826589597
1 0.24408163265306124 0.23208092485549134 0.15591836734693879 0.020809248554913295
1 0.43755102040816324 0.2329479768786127 0.2220408163265306 0.01907514450867052
1 0.7379591836734694 0.2352601156069364 0.3689795918367347 0.019653179190751446