4 0.2963265306122449 0.08265895953757225 0.24244897959183673 0.023121387283236993
2 0.5208163265306123 0.18901734104046242 0.15755102040816327 0.02254335260115607
4 0.296734693877551 0.10346820809248555 0.2897959183673469 0.020809248554913295
0 0.2922448979591837 0.14248554913294798 0.18775510204081633 0.028323699421965318
1 0.28122448979591835 0.23439306358381504 0.18448979591836734 0.02138728323699422
3 0.8118367346938775 0.15173410404624277 0.2612244897959184 0.028901734104046242
1 0.21510204081632653 0.2130057803468208 0.1346938775510204 0.023121387283236993
1 0.3722448979591837 0.21358381502890172 0.16979591836734695 0.023121387283236993
1 0.5391836734693878 0.21502890173410405 0.15428571428571428 0.02023121387283237
1 0.7636734693877552 0.21705202312138727 0.29061224489795917 0.023699421965317918
1 0.4273469387755102 0.23728323699421966 0.1036734693877551 0.020809248554913295
1 0.6759183673469388 0.23728323699421966 0.3836734693877551 0.019653179190751446