4 0.2912621359223301 0.119279176201373 0.2936893203883495 0.02002288329519451
4 0.29004854368932037 0.10011441647597254 0.24433656957928804 0.021739130434782608
2 0.5436893203883495 0.21567505720823799 0.14967637540453074 0.02231121281464531
0 0.2884304207119741 0.15589244851258582 0.19902912621359223 0.02745995423340961
1 0.31027508090614886 0.2517162471395881 0.08333333333333333 0.019450800915331808
1 0.41504854368932037 0.232837528604119 0.11245954692556634 0.020594965675057208
3 0.7928802588996764 0.16533180778032036 0.23948220064724918 0.02631578947368421
1 0.544093851132686 0.23655606407322655 0.13915857605177995 0.017162471395881007
1 0.6703074433656958 0.23770022883295194 0.11084142394822007 0.020594965675057208
1 0.4053398058252427 0.2531464530892448 0.1011326860841424 0.02002288329519451
1 0.51415857605178 0.2565789473684211 0.11245954692556634 0.02402745995423341
1 0.6933656957928802 0.2574370709382151 0.24029126213592233 0.020594965675057208