4 0.29020408163265304 0.12053056516724336 0.2946938775510204 0.020761245674740483
2 0.5322448979591837 0.21309111880046136 0.16 0.0265282583621684
4 0.29061224489795917 0.10063437139561707 0.24571428571428572 0.02249134948096886
1 0.3942857142857143 0.2378892733564014 0.2179591836734694 0.02364475201845444
0 0.28816326530612246 0.15945790080738179 0.1853061224489796 0.029988465974625143
3 0.8028571428571428 0.16926182237600923 0.25387755102040815 0.02883506343713956
1 0.2146938775510204 0.23615916955017302 0.14122448979591837 0.025374855824682813
1 0.5636734693877551 0.24134948096885814 0.12081632653061225 0.01903114186851211
1 0.6751020408163265 0.24163783160322952 0.09224489795918367 0.021337946943483274
1 0.8240816326530612 0.24250288350634372 0.19591836734693877 0.025951557093425604
1 0.4036734693877551 0.25922722029988465 0.12816326530612246 0.01903114186851211
1 0.5959183673469388 0.26038062283737023 0.24979591836734694 0.01903114186851211