0 0.2640901771336554 0.1204337899543379 0.24476650563607086 0.02511415525114155
2 0.534219001610306 0.16238584474885845 0.15619967793880837 0.025684931506849314
4 0.24798711755233493 0.09474885844748858 0.2028985507246377 0.019406392694063926
4 0.24798711755233493 0.07505707762557078 0.21336553945249598 0.021118721461187213
3 0.7427536231884058 0.12071917808219178 0.2971014492753623 0.026255707762557076
1 0.5318035426731079 0.1840753424657534 0.7262479871175523 0.02226027397260274
1 0.22302737520128824 0.2060502283105023 0.10628019323671498 0.019406392694063926
1 0.23309178743961353 0.24600456621004566 0.09098228663446055 0.01769406392694064
1 0.18438003220611915 0.22659817351598174 0.05475040257648953 0.01769406392694064
1 0.5833333333333334 0.2046232876712329 0.6086956521739131 0.01997716894977169
1 0.2584541062801932 0.2254566210045662 0.09017713365539452 0.0182648401826484
1 0.6078904991948471 0.22460045662100456 0.6078904991948471 0.0182648401826484
1 0.3248792270531401 0.24486301369863014 0.08293075684380032 0.02054794520547945
1 0.6235909822866345 0.2454337899543379 0.5088566827697263 0.021118721461187213