0 0.2869918699186992 0.13203214695752008 0.22845528455284553 0.029276693455797934
4 0.2869918699186992 0.09557979334098737 0.17560975609756097 0.01951779563719862
2 0.5288617886178861 0.17365097588978187 0.15365853658536585 0.02640642939150402
4 0.2861788617886179 0.07606199770378874 0.2097560975609756 0.020091848450057407
3 0.741869918699187 0.13318025258323765 0.2731707317073171 0.030424799081515498
1 0.5308943089430894 0.1991963260619977 0.48048780487804876 0.02123995407577497
1 0.4475609756097561 0.25774971297359356 0.21951219512195122 0.02123995407577497
1 0.5329268292682927 0.2195752009184845 0.5707317073170731 0.020091848450057407
1 0.2252032520325203 0.23765786452353616 0.16016260162601625 0.017795637198622274
1 0.5723577235772358 0.23823191733639495 0.5292682926829269 0.017795637198622274
1 0.8605691056910569 0.23765786452353616 0.04227642276422764 0.01894374282433984
1 0.901219512195122 0.24024110218140068 0.034959349593495934 0.01951779563719862
1 0.6426829268292683 0.258036739380023 0.16504065040650406 0.02123995407577497