3 0.7606941081517352 0.12155172413793103 0.2736077481840194 0.022988505747126436
2 0.5399515738498789 0.16120689655172413 0.15254237288135594 0.02471264367816092
4 0.31113801452784506 0.06522988505747127 0.21307506053268765 0.01839080459770115
0 0.3099273607748184 0.11925287356321838 0.24051654560129138 0.028735632183908046
1 0.2861178369652946 0.1853448275862069 0.19047619047619047 0.01896551724137931
4 0.31113801452784506 0.08333333333333333 0.24778046811945117 0.020114942528735632
1 0.4943502824858757 0.1839080459770115 0.22114608555286522 0.020114942528735632
1 0.6908797417271993 0.18563218390804598 0.162227602905569 0.017816091954022988
1 0.8321226795803067 0.18333333333333332 0.1089588377723971 0.016091954022988506
1 0.7324455205811138 0.2043103448275862 0.321226795803067 0.017241379310344827
1 0.48426150121065376 0.2045977011494253 0.17029862792574657 0.01839080459770115
1 0.24374495560936238 0.20488505747126437 0.10492332526230831 0.01896551724137931
1 0.3470540758676352 0.20344827586206896 0.09523809523809523 0.015517241379310345
1 0.24616626311541565 0.22298850574712645 0.08071025020177562 0.017816091954022988
1 0.341000807102502 0.22528735632183908 0.10653753026634383 0.017816091954022988
1 0.4572235673930589 0.225 0.1275221953188055 0.016666666666666666
1 0.5782889426957224 0.22413793103448276 0.10411622276029056 0.020114942528735632
1 0.6783696529459241 0.2235632183908046 0.09281678773204197 0.01954022988505747
1 0.8833736884584342 0.2413793103448276 0.0258272800645682 0.017816091954022988
1 0.8248587570621468 0.2425287356321839 0.08232445520581114 0.01839080459770115
1 0.7409200968523002 0.2235632183908046 0.0258272800645682 0.017241379310344827
1 0.8139628732849071 0.22327586206896552 0.11057304277643261 0.020114942528735632
1 0.7280064568200162 0.24281609195402298 0.10815173527037934 0.01839080459770115
1 0.6174334140435835 0.24310344827586206 0.11138014527845036 0.017241379310344827
1 0.4826472962066182 0.2439655172413793 0.15173527037933818 0.017816091954022988
1 0.29257465698143664 0.24310344827586206 0.22195318805488298 0.017816091954022988
1 0.19087974172719935 0.26522988505747125 0.04923325262308313 0.016091954022988506
1 0.3506860371267151 0.26264367816091955 0.25746569814366427 0.01954022988505747
1 0.516545601291364 0.2632183908045977 0.06618240516545601 0.01896551724137931
1 0.6085552865213882 0.2620689655172414 0.10653753026634383 0.016091954022988506
1 0.6997578692493946 0.2620689655172414 0.06295399515738499 0.020114942528735632
1 0.8022598870056498 0.26350574712643676 0.13720742534301855 0.017816091954022988
1 0.8930589184826473 0.26091954022988506 0.03228410008071025 0.01954022988505747
1 0.8801452784503632 0.28160919540229884 0.0645682001614205 0.01896551724137931
1 0.7966101694915254 0.28160919540229884 0.09443099273607748 0.015517241379310345
1 0.6969330104923325 0.28160919540229884 0.09846650524616626 0.016091954022988506
1 0.5480225988700564 0.2824712643678161 0.19693301049233253 0.020114942528735632
1 0.18563357546408393 0.28304597701149425 0.042776432606941084 0.015517241379310345
1 0.2635189669087974 0.2827586206896552 0.10411622276029056 0.016666666666666666
1 0.38095238095238093 0.2818965517241379 0.12510088781275222 0.017241379310344827
1 0.18280871670702178 0.3017241379310345 0.047619047619047616 0.017816091954022988
1 0.3220338983050847 0.29942528735632185 0.22356739305891848 0.016666666666666666
1 0.5173527037933817 0.30201149425287355 0.16464891041162227 0.017241379310344827
1 0.6218724778046812 0.3014367816091954 0.03954802259887006 0.015517241379310345
1 0.678773204196933 0.3014367816091954 0.06698950766747377 0.016091954022988506
1 0.7699757869249395 0.3005747126436782 0.10492332526230831 0.021264367816091954
1 0.8720742534301856 0.3014367816091954 0.09200968523002422 0.021264367816091954