0 0.26596604688763137 0.11133486766398158 0.19401778496362165 0.024165707710011506
4 0.2675828617623282 0.06760644418872266 0.21503637833468067 0.02186421173762946
2 0.5157639450282943 0.14240506329113925 0.15117219078415522 0.02186421173762946
3 0.704122877930477 0.11075949367088607 0.27970897332255457 0.02474108170310702
4 0.26798706548100243 0.08688147295742232 0.25303152789005656 0.0189873417721519
1 0.1645109135004042 0.15995397008055237 0.06628940986257073 0.021288837744533946
5 0.7162489894907034 0.8895281933256617 0.18593371059013744 0.03049482163406214
6 0.6746160064672595 0.7781933256616801 0.16410670978173 0.0189873417721519
1 0.2021018593371059 0.18009205983889529 0.0889248181083266 0.0189873417721519
1 0.36742118027485854 0.19735327963176064 0.05254648342764753 0.01726121979286536
1 0.43047696038803557 0.1616800920598389 0.16410670978173 0.015535097813578827
1 0.595392077607114 0.1611047180667434 0.16006467259498788 0.017836593785960874
1 0.7352465642683913 0.15765247410817032 0.11075181891673404 0.019562715765247412
1 0.847210994341148 0.1550632911392405 0.10670978172999192 0.023014959723820484
1 0.2991107518189167 0.17951668584579977 0.09943411479385611 0.015535097813578827
1 0.3654001616814875 0.17951668584579977 0.033144704931285365 0.020138089758342925
1 0.48706548100242525 0.179228998849252 0.08245755860953921 0.01611047180667434
1 0.5408245755860954 0.17750287686996546 0.028294260307194827 0.01611047180667434
1 0.6576394502829426 0.17721518987341772 0.09135004042037187 0.015535097813578827
1 0.751818916734034 0.17635212888377447 0.09781729991915926 0.01611047180667434
1 0.8387227162489895 0.17577675489067895 0.068714632174616 0.017836593785960874
1 0.20088924818108328 0.19821634062140392 0.08164915117219078 0.015535097813578827
1 0.29304769603880354 0.1962025316455696 0.09458367016976556 0.021288837744533946
1 0.4147130153597413 0.17779056386651323 0.05578011317704123 0.0189873417721519
1 0.4296685529506871 0.19533947065592636 0.0719482619240097 0.018411967779056387
1 0.4797898140662894 0.19418872266973533 0.024252223120452707 0.019562715765247412
1 0.5493128536782539 0.19505178365937859 0.1099434114793856 0.020138089758342925
1 0.6350040420371867 0.19505178365937859 0.056588520614389654 0.017836593785960874
1 0.7647534357316087 0.19390103567318756 0.20129345189975748 0.017836593785960874
1 0.5812449474535166 0.17836593785960875 0.05092966855295069 0.014384349827387802
1 0.25949878738884397 0.1622554660529344 0.11317704122877931 0.0189873417721519
1 0.3322554567502021 0.15995397008055237 0.024252223120452707 0.021288837744533946