3 0.7115072933549432 0.125 0.24878444084278767 0.020689655172413793
4 0.2625607779578606 0.07270114942528735 0.21555915721231766 0.021839080459770115
2 0.5117504051863857 0.16149425287356323 0.15316045380875204 0.023563218390804597
0 0.2625607779578606 0.1221264367816092 0.19286871961102106 0.027011494252873563
4 0.2625607779578606 0.0925287356321839 0.25040518638573744 0.01954022988505747
1 0.2386547811993517 0.18045977011494252 0.21961102106969205 0.01954022988505747
1 0.5089141004862237 0.2189655172413793 0.6361426256077796 0.01896551724137931
1 0.5085089141004863 0.20028735632183908 0.7366288492706645 0.021264367816091954
1 0.39222042139384117 0.18074712643678162 0.07698541329011345 0.01839080459770115
1 0.5255267423014587 0.18160919540229886 0.18962722852512157 0.017816091954022988
1 0.7572933549432739 0.18132183908045976 0.26904376012965964 0.01954022988505747