2 0.5217566478646253 0.16125356125356125 0.15551974214343273 0.021652421652421653
4 0.28041901692183724 0.0735042735042735 0.22078968573730862 0.021652421652421653
4 0.2840451248992748 0.09373219373219373 0.26430298146655923 0.019943019943019943
0 0.282433521353747 0.1245014245014245 0.22078968573730862 0.02621082621082621
1 0.523771152296535 0.1811965811965812 0.75825946817083 0.019943019943019943
3 0.7469782433521354 0.12507122507122506 0.25463336019339244 0.02564102564102564
1 0.5221595487510072 0.2797720797720798 0.6478646253021757 0.018803418803418803
1 0.524174053182917 0.23931623931623933 0.7405318291700241 0.018803418803418803
1 0.5221595487510072 0.25925925925925924 0.7437550362610797 0.019943019943019943
1 0.5273972602739726 0.22022792022792023 0.741337630942788 0.019373219373219373
1 0.5233682514101531 0.20056980056980056 0.7268331990330379 0.018803418803418803