3 0.7414634146341463 0.14297994269340975 0.283739837398374 0.029226361031518624
4 0.28252032520325204 0.08567335243553009 0.216260162601626 0.020630372492836675
2 0.5276422764227642 0.1828080229226361 0.15772357723577235 0.026361031518624643
1 0.3670731707317073 0.20744985673352437 0.18292682926829268 0.022922636103151862
0 0.283739837398374 0.14154727793696276 0.22439024390243903 0.02979942693409742
4 0.2845528455284553 0.10544412607449857 0.1821138211382114 0.019484240687679084
1 0.5276422764227642 0.2297994269340974 0.7642276422764228 0.022349570200573064
1 0.5292682926829269 0.2681948424068768 0.4186991869918699 0.020630372492836675
1 0.5276422764227642 0.24899713467048712 0.6056910569105691 0.020630372492836675
1 0.5329268292682927 0.21031518624641835 0.13821138211382114 0.01833810888252149
1 0.6955284552845529 0.21031518624641835 0.17560975609756097 0.021203438395415473