2 0.5262520193861067 0.1374353076480736 0.15751211631663975 0.019551466359977
4 0.26615508885298866 0.04514088556641748 0.21647819063004847 0.022426682001150087
0 0.265751211631664 0.09171937895342151 0.21163166397415187 0.02702702702702703
4 0.26736672051696286 0.0652673950546291 0.24798061389337642 0.019551466359977
3 0.7160743134087237 0.097757331799885 0.28917609046849757 0.027602070155261643
1 0.32350565428109856 0.15497412305922945 0.0864297253634895 0.020126509488211614
6 0.7088045234248789 0.8010350776308223 0.17205169628432956 0.02185163887291547
5 0.7047657512116317 0.9068430132259919 0.16962843295638125 0.025301897642323174
1 0.21768982229402262 0.1730879815986199 0.10581583198707593 0.02185163887291547
1 0.324313408723748 0.1762507188039103 0.09693053311793215 0.02127659574468085
1 0.4745557350565428 0.1765382403680276 0.1987075928917609 0.020126509488211614
1 0.7294022617124394 0.1771132834962622 0.3045234248788368 0.02185163887291547
1 0.4640549273021002 0.1572742955721679 0.18578352180936994 0.01667625071880391
1 0.6647819063004846 0.15842438182863713 0.20920840064620355 0.01667625071880391