2 0.5329268292682927 0.1856733524355301 0.15934959349593497 0.026361031518624643
0 0.2886178861788618 0.14355300859598855 0.23495934959349593 0.03037249283667622
4 0.28739837398373985 0.08739255014326648 0.21788617886178863 0.020630372492836675
1 0.2995934959349594 0.20974212034383954 0.1821138211382114 0.02177650429799427
4 0.28780487804878047 0.10744985673352435 0.18130081300813009 0.019484240687679084
1 0.5004065040650406 0.2329512893982808 0.23821138211382115 0.019484240687679084
3 0.7443089430894309 0.1467048710601719 0.2804878048780488 0.02979942693409742
1 0.791869918699187 0.25358166189111747 0.14227642276422764 0.019484240687679084
1 0.5528455284552846 0.21260744985673352 0.31869918699186994 0.020630372492836675
1 0.7878048780487805 0.2151862464183381 0.14796747967479676 0.017765042979942695
1 0.7597560975609756 0.2340974212034384 0.27235772357723576 0.019484240687679084
1 0.6186991869918699 0.25272206303724926 0.1951219512195122 0.019484240687679084
1 0.21178861788617886 0.23151862464183381 0.091869918699187 0.017765042979942695
1 0.3203252032520325 0.2303724928366762 0.12113821138211382 0.020630372492836675
1 0.26747967479674795 0.25128939828080227 0.12845528455284552 0.01833810888252149
1 0.42804878048780487 0.25272206303724926 0.18130081300813009 0.02005730659025788