2 0.4991896272285251 0.19213226909920184 0.15316045380875204 0.023375142531356898
4 0.25040518638573744 0.09236031927023945 0.26661264181523503 0.021094640820980615
4 0.25 0.0709806157354618 0.23176661264181522 0.02280501710376283
3 0.696515397082658 0.13654503990877992 0.27957860615883307 0.027936145952109463
0 0.24756888168557536 0.1265678449258837 0.2260940032414911 0.029646522234891677
1 0.1839546191247974 0.20752565564424175 0.10696920583468396 0.019384264538198404
1 0.20218800648298219 0.22633979475484606 0.12884927066450566 0.018244013683010263
1 0.28687196110210694 0.20781071835803877 0.09967585089141005 0.019384264538198404
1 0.3841166936790924 0.21066134549600912 0.09238249594813615 0.019384264538198404
1 0.4837925445705024 0.2129418472063854 0.11426256077795786 0.018244013683010263
1 0.5923824959481362 0.21351197263397947 0.1053484602917342 0.01767388825541619
1 0.7475688816855753 0.2160775370581528 0.20826580226904376 0.01767388825541619
1 0.31442463533225284 0.2283352337514253 0.09481361426256078 0.019384264538198404
1 0.4165316045380875 0.22947548460661346 0.10372771474878444 0.020524515393386546
1 0.557131280388979 0.23204104903078676 0.17504051863857376 0.01767388825541619
1 0.7876823338735819 0.23603192702394526 0.11183144246353323 0.018244013683010263
1 0.22042139384116693 0.24486887115165337 0.16450567260940033 0.019384264538198404
1 0.3934359805510535 0.24686431014823262 0.17909238249594814 0.019384264538198404
1 0.5251215559157212 0.24800456100342075 0.08670988654781199 0.020524515393386546
1 0.7605348460291734 0.25456100342075255 0.16612641815235007 0.02394526795895097
1 0.3679092382495948 0.2676738882554162 0.1094003241491086 0.020524515393386546
1 0.47649918962722854 0.26795895096921324 0.08670988654781199 0.023375142531356898
1 0.6219611021069692 0.2514253135689852 0.10696920583468396 0.019384264538198404
1 0.5976499189627229 0.2690992018244014 0.14505672609400325 0.021094640820980615
1 0.686385737439222 0.2323261117445838 0.08589951377633712 0.018244013683010263