4 0.3084677419354839 0.09041642897889332 0.30483870967741933 0.026811180832857957
2 0.5229838709677419 0.18739304050199657 0.1532258064516129 0.023958927552766685
3 0.744758064516129 0.13890473474044496 0.3209677419354839 0.025099828864803195
1 0.530241935483871 0.20678836280661722 0.635483870967742 0.019965772960638905
0 0.30443548387096775 0.13348545350827154 0.2467741935483871 0.030233884768967486
1 0.3903225806451613 0.22732458642327438 0.48629032258064514 0.01825442099258414
1 0.719758064516129 0.22789503707929265 0.16693548387096774 0.02167712492869367
1 0.8596774193548387 0.22932116371933828 0.10483870967741936 0.01939532230462065
1 0.3403225806451613 0.24643468339988592 0.2701612903225806 0.018824871648602397
1 0.5641129032258064 0.24757558471192243 0.17338709677419356 0.01939532230462065
1 0.7487903225806452 0.2484312606959498 0.19112903225806452 0.02053622361665716