2 0.5214401294498382 0.17363896848137536 0.1553398058252427 0.022349570200573064
0 0.26415857605177995 0.14011461318051577 0.255663430420712 0.03037249283667622
4 0.26658576051779936 0.09713467048710601 0.1901294498381877 0.020630372492836675
1 0.3826860841423948 0.27306590257879654 0.12864077669902912 0.022349570200573064
4 0.26496763754045305 0.07621776504297995 0.22491909385113268 0.02177650429799427
3 0.7548543689320388 0.13896848137535817 0.26941747572815533 0.026361031518624643
1 0.6674757281553398 0.19426934097421203 0.4441747572815534 0.019484240687679084
1 0.6957928802588996 0.2329512893982808 0.4110032362459547 0.017191977077363897
1 0.5473300970873787 0.2146131805157593 0.5938511326860841 0.017765042979942695
1 0.8098705501618123 0.2518624641833811 0.1715210355987055 0.021203438395415473
1 0.23098705501618122 0.25386819484240686 0.16747572815533981 0.021203438395415473
1 0.18729773462783172 0.2151862464183381 0.06310679611650485 0.02005730659025788
1 0.23300970873786409 0.2160458452722063 0.02831715210355987 0.015472779369627506
1 0.3774271844660194 0.2335243553008596 0.22006472491909385 0.017191977077363897
1 0.20509708737864077 0.2343839541547278 0.12135922330097088 0.017765042979942695
1 0.8673139158576052 0.21375358166189112 0.042071197411003236 0.019484240687679084
1 0.2034789644012945 0.19627507163323782 0.1011326860841424 0.01489971346704871
1 0.30218446601941745 0.19598853868194843 0.08495145631067962 0.019484240687679084
1 0.3932038834951456 0.19570200573065902 0.09223300970873786 0.01833810888252149
1 0.5125404530744336 0.27306590257879654 0.12540453074433658 0.01833810888252149
1 0.6508899676375405 0.2710601719197708 0.14563106796116504 0.018911174785100286
1 0.5194174757281553 0.2518624641833811 0.40129449838187703 0.01833810888252149