0 0.35372771474878445 0.11308840413318025 0.18638573743922204 0.02468427095292767
4 0.35615883306320906 0.06716417910447761 0.20016207455429497 0.02066590126291619
2 0.5656401944894651 0.1624569460390356 0.13614262560777957 0.022388059701492536
3 0.7252836304700162 0.12256027554535018 0.22771474878444084 0.024110218140068886
1 0.7520259319286872 0.18484500574052812 0.19448946515397084 0.01951779563719862
4 0.35696920583468394 0.08696900114810563 0.23014586709886548 0.018369690011481057
1 0.5842787682333873 0.20063145809414465 0.13290113452188007 0.01722158438576349
1 0.5538897893030794 0.18369690011481057 0.14505672609400325 0.01894374282433984
1 0.4120745542949757 0.1791044776119403 0.13047001620745544 0.01894374282433984
1 0.3132090761750405 0.17508610792192883 0.06888168557536467 0.02123995407577497
1 0.2852512155591572 0.19374282433983928 0.1385737439222042 0.02066590126291619
1 0.43719611021069693 0.1991963260619977 0.16531604538087522 0.01951779563719862
1 0.7078606158833063 0.2029276693455798 0.10777957860615883 0.016647531572904706
1 0.24837925445705025 0.2095292766934558 0.07050243111831442 0.016073478760045924
1 0.3217179902755267 0.2129735935706085 0.07050243111831442 0.014925373134328358
1 0.4534035656401945 0.21641791044776118 0.11345218800648298 0.018369690011481057
1 0.5818476499189628 0.21871412169919632 0.13614262560777957 0.01951779563719862
1 0.799837925445705 0.2227324913892078 0.08103727714748785 0.016073478760045924
1 0.23743922204213938 0.22876004592422503 0.05834683954619125 0.022962112514351322
1 0.3209076175040519 0.23019517795637198 0.11102106969205834 0.01722158438576349
1 0.4906807131280389 0.23536165327210104 0.04538087520259319 0.018369690011481057
1 0.7576985413290114 0.24052812858783007 0.08589951377633712 0.015499425947187142
1 0.42098865478119935 0.2336394948335247 0.08427876823338736 0.018369690011481057
1 0.28970826580226905 0.24942594718714123 0.17423014586709887 0.018369690011481057
1 0.4258508914100486 0.25143513203214696 0.09157212317666126 0.01894374282433984
1 0.5611831442463533 0.23708381171067738 0.09238249594813615 0.020091848450057407
1 0.6620745542949756 0.2390929965556831 0.10291734197730956 0.02066590126291619
1 0.5324149108589952 0.25487944890929964 0.1166936790923825 0.01894374282433984
1 0.6106158833063209 0.25487944890929964 0.03727714748784441 0.015499425947187142
1 0.8229335494327391 0.25947187141216993 0.16531604538087522 0.021814006888633754
1 0.3772285251215559 0.2703788748564868 0.1094003241491086 0.020091848450057407
1 0.47893030794165314 0.2726750861079219 0.09238249594813615 0.01722158438576349
1 0.5729335494327391 0.27525832376578646 0.08914100486223663 0.020091848450057407
1 0.6722042139384117 0.2755453501722158 0.09724473257698542 0.01894374282433984
1 0.6827390599675851 0.25602755453501724 0.10372771474878444 0.021814006888633754
1 0.7556726094003241 0.2781285878300804 0.07293354943273905 0.01894374282433984
1 0.8318476499189628 0.20464982778415614 0.13776337115072934 0.020091848450057407
1 0.7062398703403565 0.22014925373134328 0.10372771474878444 0.01722158438576349
1 0.8500810372771475 0.24081515499425948 0.09805510534846029 0.016647531572904706
1 0.8683144246353323 0.22560275545350172 0.050243111831442464 0.014351320321469576
1 0.37682333873581847 0.2161308840413318 0.03322528363047002 0.013777267508610792
1 0.6393841166936791 0.18340987370838116 0.022690437601296597 0.015499425947187142