4 0.32061688311688313 0.06708715596330275 0.23295454545454544 0.02522935779816514
0 0.31737012987012986 0.11553899082568807 0.21672077922077923 0.026376146788990827
4 0.3198051948051948 0.08916284403669725 0.2662337662337662 0.02121559633027523
2 0.5803571428571429 0.1473623853211009 0.1444805194805195 0.022935779816513763
3 0.7581168831168831 0.11811926605504587 0.2621753246753247 0.023509174311926607
1 0.4439935064935065 0.18577981651376146 0.1331168831168831 0.022935779816513763
1 0.40016233766233766 0.16198394495412843 0.1875 0.02236238532110092
1 0.5487012987012987 0.16743119266055045 0.10633116883116883 0.017201834862385322
1 0.6469155844155844 0.16886467889908258 0.09172077922077922 0.0194954128440367
1 0.7678571428571429 0.17029816513761467 0.1452922077922078 0.018922018348623854
1 0.5507305194805194 0.1877866972477064 0.07548701298701299 0.020068807339449542
1 0.6375811688311688 0.1875 0.10227272727272728 0.020642201834862386
1 0.7337662337662337 0.18950688073394495 0.09090909090909091 0.02121559633027523