4 0.29951495553759094 0.0857307249712313 0.2392886014551334 0.023014959723820484
0 0.29991915925626517 0.13780207134637515 0.211802748585287 0.02819332566168009
2 0.5339531123686337 0.1806674338319908 0.15602263540824576 0.023590333716915997
4 0.301535974130962 0.10644418872266974 0.2675828617623282 0.020713463751438434
3 0.7473726758286177 0.14556962025316456 0.25545675020210185 0.025891829689298044
1 0.2392886014551334 0.19533947065592636 0.07679870654810024 0.023590333716915997
1 0.4494745351657235 0.19994246260069046 0.11317704122877931 0.021288837744533946
1 0.33346806790622474 0.19677790563866512 0.10751818916734034 0.023014959723820484
1 0.553354890864996 0.20109321058688148 0.09296685529506872 0.020138089758342925
1 0.6689571544058205 0.20281933256616802 0.1293451899757478 0.018411967779056387
1 0.8152789005658853 0.20339470655926353 0.16491511721907842 0.020713463751438434
1 0.2493936944219887 0.2166283084004603 0.13419563459983833 0.020138089758342925
1 0.36782538399353276 0.21892980437284235 0.09054163298302344 0.020138089758342925
1 0.4636216653193209 0.21892980437284235 0.10428455941794665 0.018411967779056387
1 0.7578819725141471 0.2238204833141542 0.2877930476960388 0.020713463751438434
1 0.7659660468876314 0.24338319907940162 0.16814874696847212 0.020138089758342925
1 0.30638641875505257 0.23935558112773303 0.1293451899757478 0.020713463751438434
1 0.5626515763945028 0.22238204833141542 0.09620048504446241 0.0189873417721519
1 0.4074373484236055 0.238204833141542 0.06628940986257073 0.01726121979286536
1 0.6160064672594988 0.24194476409666282 0.1269199676637025 0.021288837744533946
1 0.4971705739692805 0.2413693901035673 0.10751818916734034 0.020138089758342925