0 0.285829307568438 0.12385844748858447 0.22544283413848631 0.02511415525114155
2 0.5318035426731079 0.16238584474885845 0.15619967793880837 0.0228310502283105
4 0.285829307568438 0.0776255707762557 0.21739130434782608 0.021118721461187213
3 0.7306763285024155 0.1252853881278539 0.2528180354267311 0.01997716894977169
4 0.28462157809983896 0.0976027397260274 0.2069243156199678 0.018835616438356163
1 0.27979066022544286 0.20348173515981735 0.09017713365539452 0.019406392694063926
1 0.3031400966183575 0.182648401826484 0.26972624798711753 0.021118721461187213
1 0.5289855072463768 0.1832191780821918 0.177938808373591 0.019406392694063926
1 0.7355072463768116 0.18350456621004566 0.2278582930756844 0.01997716894977169
1 0.8735909822866345 0.18350456621004566 0.04428341384863124 0.021118721461187213
1 0.42914653784219003 0.2026255707762557 0.20611916264090177 0.02054794520547945
1 0.6851851851851852 0.2040525114155251 0.2995169082125604 0.018835616438356163