2 0.5243506493506493 0.18111366245694605 0.15503246753246752 0.023536165327210104
0 0.2755681818181818 0.12456946039035591 0.2288961038961039 0.02066590126291619
4 0.2767857142857143 0.09758897818599312 0.26461038961038963 0.020091848450057407
4 0.27313311688311687 0.07692307692307693 0.2362012987012987 0.022388059701492536
3 0.7252435064935064 0.12887485648679678 0.2711038961038961 0.025832376578645237
1 0.288961038961039 0.20149253731343283 0.29707792207792205 0.02066590126291619
1 0.28125 0.22129735935706085 0.24269480519480519 0.02123995407577497
1 0.5819805194805194 0.2020665901262916 0.2849025974025974 0.01951779563719862
1 0.8181818181818182 0.20436280137772675 0.1793831168831169 0.018369690011481057
1 0.5202922077922078 0.22215843857634904 0.23376623376623376 0.02066590126291619
1 0.7637987012987013 0.22416762342135477 0.24918831168831168 0.02123995407577497