2 0.5278225806451613 0.16924398625429554 0.1532258064516129 0.022336769759450172
4 0.2875 0.07674684994272624 0.3056451612903226 0.0286368843069874
3 0.7370967741935484 0.13087056128293242 0.2854838709677419 0.027491408934707903
1 0.31290322580645163 0.18757159221076747 0.1870967741935484 0.021191294387170677
1 0.35080645161290325 0.20904925544100803 0.36693548387096775 0.021764032073310423
0 0.2875 0.12571592210767468 0.23870967741935484 0.030355097365406643
1 0.26048387096774195 0.2279495990836197 0.2161290322580645 0.01718213058419244
1 0.44798387096774195 0.18814432989690721 0.07580645161290323 0.018900343642611683
1 0.6290322580645161 0.18986254295532645 0.27741935483870966 0.018327605956471937
1 0.8125 0.19014891179839633 0.08064516129032258 0.018327605956471937
1 0.7213709677419354 0.20962199312714777 0.36693548387096775 0.021764032073310423
1 0.4653225806451613 0.22823596792668957 0.1870967741935484 0.016609392898052692
1 0.7322580645161291 0.23024054982817868 0.3419354838709677 0.017754868270332187