4 0.2641357027463651 0.07449856733524356 0.19789983844911146 0.020630372492836675
0 0.26736672051696286 0.10630372492836676 0.26252019386106623 0.02865329512893983
1 0.6042003231017771 0.15902578796561603 0.21324717285945072 0.02005730659025788
2 0.5068659127625202 0.13839541547277937 0.15508885298869143 0.022922636103151862
4 0.26696284329563813 0.05300859598853868 0.23182552504038773 0.021203438395415473
5 0.7342487883683361 0.933810888252149 0.19709208400646203 0.02979942693409742
6 0.731421647819063 0.7916905444126074 0.18336025848142165 0.022922636103151862
3 0.7520193861066236 0.10200573065902578 0.2617124394184168 0.028080229226361032
1 0.17205169628432956 0.16131805157593124 0.07350565428109855 0.022922636103151862
1 0.7629240710823909 0.15845272206303726 0.10662358642972536 0.019484240687679084
1 0.8497576736672051 0.15558739255014326 0.06623586429725363 0.02349570200573066
1 0.15953150242326333 0.1839541547277937 0.0444264943457189 0.017191977077363897
1 0.26777059773828754 0.1830945558739255 0.16720516962843296 0.019484240687679084
1 0.39620355411954766 0.1813753581661891 0.08562197092084006 0.0166189111747851
1 0.48303715670436187 0.17908309455587393 0.08319870759289176 0.018911174785100286
1 0.2592891760904685 0.1624641833810888 0.09773828756058159 0.019484240687679084
1 0.3578352180936995 0.15988538681948425 0.0888529886914378 0.02349570200573066
1 0.44749596122778673 0.16017191977077364 0.09450726978998385 0.02177650429799427
1 0.5799676898222941 0.17793696275071633 0.10904684975767366 0.01833810888252149
1 0.694264943457189 0.17822349570200574 0.12277867528271405 0.02005730659025788
1 0.7944264943457189 0.17679083094555875 0.0815831987075929 0.018911174785100286
1 0.8590468497576736 0.17593123209169054 0.046849757673667204 0.02005730659025788
1 0.18780290791599355 0.20257879656160457 0.03715670436187399 0.017191977077363897
1 0.29281098546042006 0.202865329512894 0.1704361873990307 0.019484240687679084
1 0.4115508885298869 0.2008595988538682 0.06946688206785137 0.02005730659025788
1 0.5100969305331179 0.1988538681948424 0.12358642972536349 0.02005730659025788
1 0.6377221324717286 0.1982808022922636 0.12520193861066237 0.020630372492836675
1 0.7754442649434572 0.19742120343839542 0.1421647819063005 0.019484240687679084