4 0.28292682926829266 0.10545977011494252 0.24796747967479674 0.01954022988505747
4 0.2808943089430894 0.08505747126436781 0.2121951219512195 0.021839080459770115
0 0.27967479674796747 0.13505747126436782 0.1926829268292683 0.026436781609195402
2 0.525609756097561 0.17672413793103448 0.15528455284552845 0.023563218390804597
3 0.7260162601626017 0.13994252873563218 0.25121951219512195 0.02586206896551724
1 0.29227642276422766 0.1956896551724138 0.22439024390243903 0.01954022988505747
1 0.23373983739837398 0.21350574712643677 0.11138211382113822 0.016091954022988506
1 0.3532520325203252 0.21522988505747126 0.12520325203252033 0.017816091954022988
1 0.49878048780487805 0.21580459770114943 0.16422764227642275 0.017816091954022988
1 0.725609756097561 0.21724137931034482 0.2894308943089431 0.020114942528735632
1 0.7211382113821139 0.23706896551724138 0.2008130081300813 0.020114942528735632
1 0.5426829268292683 0.23591954022988507 0.14959349593495935 0.017816091954022988
1 0.34715447154471546 0.23563218390804597 0.23902439024390243 0.020114942528735632
1 0.5398373983739837 0.19712643678160918 0.26666666666666666 0.020689655172413793
1 0.7134146341463414 0.1968390804597701 0.07154471544715447 0.01896551724137931
1 0.8093495934959349 0.19741379310344828 0.11382113821138211 0.020114942528735632