4 0.26957223567393057 0.0912743972445465 0.26634382566585957 0.01894374282433984
4 0.2687651331719128 0.07233065442020666 0.21549636803874092 0.021814006888633754
2 0.49878934624697335 0.15901262916188288 0.15173527037933818 0.022962112514351322
3 0.7199354317998385 0.12342135476463835 0.25262308313155774 0.02525832376578645
0 0.2679580306698951 0.11538461538461539 0.26069410815173527 0.024110218140068886
1 0.18563357546408393 0.17393800229621126 0.17836965294592413 0.021814006888633754
1 0.22437449556093625 0.19517795637198623 0.18966908797417273 0.020091848450057407
1 0.33252623083131555 0.1756601607347876 0.11864406779661017 0.01951779563719862
1 0.39426957223567394 0.1966130884041332 0.14850686037126715 0.01894374282433984
1 0.5605326876513317 0.19833524684270953 0.1824051654560129 0.02066590126291619
1 0.751412429378531 0.20091848450057406 0.1977401129943503 0.01951779563719862
1 0.7792574656981437 0.18111366245694605 0.2066182405165456 0.02123995407577497
1 0.6246973365617433 0.18140068886337543 0.09685230024213075 0.015499425947187142
1 0.483454398708636 0.1791044776119403 0.1791767554479419 0.016647531572904706