3 0.7403381642512077 0.12414383561643835 0.29066022544283415 0.023401826484018264
0 0.2616747181964573 0.12442922374429223 0.2576489533011272 0.0273972602739726
4 0.2427536231884058 0.0761986301369863 0.2109500805152979 0.021118721461187213
2 0.5241545893719807 0.1723744292237443 0.15458937198067632 0.023972602739726026
4 0.23953301127214172 0.09560502283105023 0.20531400966183574 0.01997716894977169
1 0.21457326892109502 0.19320776255707764 0.0966183574879227 0.023972602739726026
1 0.2560386473429952 0.2146118721461187 0.22302737520128824 0.02054794520547945
1 0.3164251207729469 0.19463470319634704 0.10225442834138486 0.021689497716894976
1 0.42069243156199676 0.1934931506849315 0.10466988727858294 0.018835616438356163
1 0.5398550724637681 0.19406392694063926 0.1247987117552335 0.017123287671232876
1 0.8280998389694042 0.19006849315068494 0.11191626409017713 0.01997716894977169
1 0.4500805152979066 0.21404109589041095 0.15780998389694043 0.019406392694063926
1 0.6719001610305958 0.21090182648401826 0.2809983896940419 0.018835616438356163
1 0.8639291465378421 0.21118721461187215 0.09500805152979067 0.02226027397260274
1 0.6871980676328503 0.1920662100456621 0.16344605475040258 0.019406392694063926