2 0.526677445432498 0.13764367816091955 0.15521422797089734 0.026436781609195402
3 0.7586903799514956 0.10402298850574712 0.28294260307194824 0.026436781609195402
4 0.25545675020210185 0.07557471264367815 0.2497978981406629 0.020114942528735632
0 0.24737267582861763 0.10258620689655172 0.24413904607922393 0.026436781609195402
4 0.25424413904607923 0.05574712643678161 0.21341956345998384 0.021264367816091954
1 0.5569927243330639 0.16408045977011496 0.698464025869038 0.020689655172413793
1 0.5299110751818916 0.18362068965517242 0.7590945836701698 0.01954022988505747
1 0.5262732417138237 0.2795977011494253 0.8059822150363783 0.01954022988505747
1 0.526677445432498 0.2043103448275862 0.7663702506063056 0.017241379310344827
1 0.5250606305578012 0.26091954022988506 0.7865804365400162 0.01896551724137931
1 0.5270816491511722 0.2410919540229885 0.7728375101050929 0.01896551724137931
1 0.5270816491511722 0.22241379310344828 0.7857720291026677 0.01839080459770115
1 0.5299110751818916 0.2997126436781609 0.618431689571544 0.021264367816091954