2 0.522672064777328 0.1681948424068768 0.15789473684210525 0.022922636103151862
1 0.5214574898785425 0.2475644699140401 0.3157894736842105 0.020630372492836675
0 0.2380566801619433 0.12750716332378223 0.24048582995951417 0.027507163323782235
4 0.23927125506072874 0.07564469914040114 0.21133603238866397 0.021203438395415473
4 0.24008097165991904 0.09570200573065903 0.1813765182186235 0.019484240687679084
3 0.7676113360323886 0.1332378223495702 0.2591093117408907 0.022922636103151862
1 0.2068825910931174 0.18825214899713466 0.07530364372469636 0.02005730659025788
1 0.4068825910931174 0.22750716332378224 0.46234817813765183 0.02005730659025788
1 0.3303643724696356 0.18796561604584527 0.1659919028340081 0.022349570200573064
1 0.5473684210526316 0.18939828080229226 0.26153846153846155 0.018911174785100286
1 0.32753036437246963 0.20802292263610314 0.33765182186234816 0.01833810888252149
1 0.6283400809716599 0.20802292263610314 0.2582995951417004 0.017191977077363897
1 0.7210526315789474 0.18997134670487106 0.07611336032388664 0.017765042979942695
1 0.8186234817813766 0.19083094555873925 0.11174089068825911 0.01833810888252149
1 0.8218623481781376 0.21060171919770773 0.12307692307692308 0.017191977077363897
1 0.7562753036437248 0.22750716332378224 0.2291497975708502 0.017765042979942695