0 0.2601132686084142 0.14419795221843004 0.19336569579288027 0.027872582480091012
4 0.26173139158576053 0.11319681456200227 0.22815533980582525 0.022753128555176336
3 0.7111650485436893 0.1407849829351536 0.2605177993527508 0.027303754266211604
1 0.45995145631067963 0.24232081911262798 0.17718446601941748 0.019908987485779295
2 0.5327669902912622 0.1820250284414107 0.14563106796116504 0.02218430034129693
1 0.5331715210355987 0.2027872582480091 0.23058252427184467 0.01763367463026166
1 0.2698220064724919 0.22070534698521047 0.1488673139158576 0.02218430034129693
4 0.2593042071197411 0.08987485779294653 0.13673139158576053 0.023890784982935155
1 0.4324433656957929 0.2215585893060296 0.17233009708737865 0.01820250284414107
1 0.6682847896440129 0.22070534698521047 0.12540453074433658 0.015927189988623434
1 0.7989482200647249 0.21928327645051193 0.13268608414239483 0.02218430034129693
1 0.622168284789644 0.24089874857792948 0.1488673139158576 0.02161547212741752
1 0.5618932038834952 0.22127417519908987 0.08171521035598706 0.017064846416382253