1 0.5254442649434572 0.22228571428571428 0.43295638126009695 0.019428571428571427
3 0.7273828756058158 0.12485714285714286 0.265751211631664 0.029142857142857144
6 0.6688206785137318 0.6022857142857143 0.1260096930533118 0.022285714285714287
0 0.26696284329563813 0.144 0.19789983844911146 0.03142857142857143
2 0.5222132471728594 0.18228571428571427 0.14862681744749595 0.022857142857142857
4 0.2649434571890145 0.08828571428571429 0.2035541195476575 0.019428571428571427
4 0.26453957996768984 0.06828571428571428 0.21243941841680128 0.022285714285714287
4 0.268578352180937 0.108 0.2827140549273021 0.022285714285714287
1 0.5250403877221325 0.202 0.6639741518578353 0.019428571428571427
6 0.678513731825525 0.7337142857142858 0.4159935379644588 0.025142857142857144
5 0.6732633279483037 0.7137142857142857 0.08481421647819062 0.021142857142857144