2 0.5366344605475041 0.18415051311288483 0.16022544283413848 0.021664766248574687
0 0.2918679549114332 0.1419612314709236 0.2028985507246377 0.027936145952109463
1 0.25201288244766507 0.20496009122006842 0.177938808373591 0.020524515393386546
4 0.29347826086956524 0.08922462941847206 0.13365539452495975 0.021094640820980615
4 0.29307568438003223 0.1088939566704675 0.21980676328502416 0.021094640820980615
3 0.7451690821256038 0.13882554161915622 0.2359098228663446 0.027366020524515394
1 0.32085346215780997 0.2266248574686431 0.20933977455716588 0.019954389965792473
1 0.5072463768115942 0.22605473204104903 0.1610305958132045 0.021094640820980615
1 0.6505636070853462 0.22491448118586088 0.11916264090177134 0.020524515393386546
1 0.7862318840579711 0.22377423033067276 0.1457326892109501 0.019954389965792473
1 0.4669887278582931 0.20581527936145952 0.24798711755233493 0.021664766248574687
1 0.7520128824476651 0.20524515393386544 0.3164251207729469 0.01710376282782212