4 0.2602739726027397 0.09344729344729345 0.37550362610797744 0.021082621082621083
0 0.26430298146655923 0.1267806267806268 0.22240128928283642 0.02678062678062678
3 0.7808219178082192 0.1301994301994302 0.26430298146655923 0.023931623931623933
4 0.26148267526188557 0.07236467236467237 0.23690572119258663 0.023361823361823363
1 0.5265914585012087 0.18575498575498575 0.44238517324738114 0.022222222222222223
2 0.5342465753424658 0.16495726495726495 0.2191780821917808 0.021652421652421653
1 0.5519742143432715 0.20541310541310542 0.5221595487510072 0.018233618233618232
1 0.5995165189363416 0.22507122507122507 0.613215149073328 0.020512820512820513
1 0.6011281224818694 0.2438746438746439 0.6204673650282031 0.018803418803418803
1 0.6019339242546333 0.26296296296296295 0.6188557614826753 0.019943019943019943
1 0.6011281224818694 0.28376068376068375 0.6220789685737309 0.019943019943019943
1 0.4246575342465753 0.3022792022792023 0.2715551974214343 0.017663817663817662
1 0.22401289282836423 0.20484330484330485 0.10878323932312652 0.019943019943019943
1 0.22804190169218372 0.2245014245014245 0.0991136180499597 0.022222222222222223