0 0.30636070853462155 0.12327981651376146 0.21658615136876005 0.030389908256880736
4 0.30636070853462155 0.09059633027522936 0.3188405797101449 0.018922018348623854
2 0.5265700483091788 0.1694380733944954 0.1457326892109501 0.020642201834862386
4 0.3003220611916264 0.07138761467889908 0.22544283413848631 0.021788990825688075
1 0.42351046698872785 0.18950688073394495 0.36231884057971014 0.020068807339449542
1 0.35185185185185186 0.21129587155963303 0.22946859903381642 0.020068807339449542
3 0.7733494363929146 0.1275802752293578 0.27375201288244766 0.029243119266055047
1 0.7081320450885669 0.19237385321100917 0.19806763285024154 0.018922018348623854
1 0.5201288244766505 0.21100917431192662 0.10386473429951691 0.020642201834862386
1 0.644122383252818 0.21186926605504589 0.13687600644122383 0.0194954128440367
1 0.7648953301127214 0.21186926605504589 0.10225442834138486 0.01834862385321101