1 0.5209508460918614 0.2501424501424501 0.47381144238517325 0.018803418803418803
0 0.28887993553585817 0.1586894586894587 0.19580983078162773 0.02678062678062678
4 0.2908944399677679 0.0754985754985755 0.2634971796937953 0.018803418803418803
2 0.5209508460918614 0.19487179487179487 0.1385979049153908 0.021652421652421653
4 0.2912973408541499 0.11025641025641025 0.3166800966962127 0.017094017094017096
4 0.2912973408541499 0.1284900284900285 0.18049959709911362 0.018803418803418803
4 0.29572925060435135 0.038176638176638175 0.20064464141821112 0.022222222222222223
1 0.5197421434327155 0.2128205128205128 0.48428686543110394 0.018233618233618232
1 0.5221595487510072 0.2319088319088319 0.48670427074939565 0.019373219373219373
4 0.2945205479452055 0.09287749287749288 0.29331184528605964 0.017094017094017096
4 0.2953263497179694 0.05754985754985755 0.24979854955680902 0.018803418803418803
3 0.7332796132151491 0.1586894586894587 0.2618855761482675 0.0245014245014245