4 0.29872712808273666 0.08375922771152754 0.18456642800318218 0.020442930153321975
4 0.29992044550517105 0.06388415672913117 0.1805887032617343 0.022146507666098807
2 0.5346062052505967 0.17717206132879046 0.14876690533015116 0.021578648495173196
0 0.29992044550517105 0.13429869392390686 0.2020684168655529 0.029528676888131742
1 0.2971360381861575 0.217206132879046 0.1805887032617343 0.019875070982396367
3 0.7438345266507558 0.1416808631459398 0.2728719172633254 0.027825099375354913
1 0.19689737470167065 0.19591141396933562 0.07478122513922036 0.020442930153321975
1 0.45823389021479716 0.19818285065303803 0.07319013524264122 0.018739352640545145
1 0.5548926014319809 0.19875070982396364 0.11614956245027844 0.021010789324247586
1 0.7609387430389817 0.19931856899488926 0.29196499602227527 0.02385008517887564
1 0.43874303898170247 0.2169222032935832 0.09626093874303898 0.018171493469619535
1 0.6742243436754176 0.22089721749006247 0.36754176610978523 0.019307211811470756
1 0.27963404932378677 0.19591141396933562 0.08273667462211615 0.021010789324247586
1 0.33611774065234684 0.19534355479841 0.024661893396976928 0.021010789324247586
1 0.38424821002386633 0.19875070982396364 0.06762132060461416 0.017603634298693924