4 0.2909803921568627 0.10763490241102182 0.13254901960784313 0.017795637198622274
0 0.2917647058823529 0.14380022962112515 0.20313725490196077 0.02870264064293915
4 0.28784313725490196 0.08983926521239954 0.2603921568627451 0.017795637198622274
4 0.2909803921568627 0.07060849598163031 0.2972549019607843 0.022388059701492536
2 0.5188235294117647 0.2026406429391504 0.16470588235294117 0.025832376578645237
1 0.5172549019607843 0.24569460390355913 0.6815686274509803 0.02123995407577497
6 0.6984313725490197 0.5353042479908151 0.15764705882352942 0.02066590126291619
3 0.7156862745098039 0.14035591274397244 0.28784313725490196 0.029276693455797934
6 0.7019607843137254 0.6831228473019518 0.3215686274509804 0.024110218140068886
1 0.52 0.22416762342135477 0.659607843137255 0.020091848450057407
5 0.7015686274509804 0.6615958668197475 0.20784313725490197 0.021814006888633754