4 0.3092741935483871 0.07782212086659065 0.38387096774193546 0.019384264538198404
2 0.5379032258064517 0.16790193842645382 0.14596774193548387 0.02280501710376283
4 0.30443548387096775 0.09720638540478906 0.38306451612903225 0.020524515393386546
0 0.30685483870967745 0.1354047890535918 0.21129032258064517 0.030216647662485746
6 0.728225806451613 0.8050171037628279 0.18467741935483872 0.02280501710376283
3 0.7883064516129032 0.1354047890535918 0.2661290322580645 0.030216647662485746
1 0.5370967741935484 0.20923603192702395 0.37016129032258066 0.022234891676168756
1 0.5346774193548387 0.18899657924743443 0.7766129032258065 0.02280501710376283
6 0.7254032258064517 0.9204675028506272 0.42258064516129035 0.02451539338654504
4 0.3060483870967742 0.05843785632839225 0.13306451612903225 0.022234891676168756
5 0.7298387096774194 0.8996579247434435 0.1967741935483871 0.021094640820980615