1 0.5088709677419355 0.27565564424173317 0.5 0.021094640820980615
4 0.26370967741935486 0.1468072976054732 0.2 0.019384264538198404
4 0.26653225806451614 0.07326111744583809 0.2564516129032258 0.019384264538198404
0 0.2629032258064516 0.17844925883694412 0.20967741935483872 0.026795895096921322
4 0.26653225806451614 0.12827822120866592 0.33225806451612905 0.018244013683010263
4 0.26411290322580644 0.11031927023945268 0.3096774193548387 0.018814139110604332
4 0.2633064516129032 0.09122006841505131 0.27580645161290324 0.018814139110604332
2 0.5084677419354838 0.21721778791334093 0.14758064516129032 0.020524515393386546
1 0.5100806451612904 0.23660205245153934 0.5056451612903226 0.019384264538198404
1 0.5092741935483871 0.2557012542759407 0.5129032258064516 0.018244013683010263
4 0.26975806451612905 0.053021664766248575 0.20725806451612902 0.021664766248574687
4 0.6935483870967742 0.055587229190421895 0.45483870967741935 0.022234891676168756
3 0.7314516129032258 0.17730900798175597 0.2838709677419355 0.028506271379703536
4 0.694758064516129 0.07696693272519954 0.2854838709677419 0.020524515393386546