4 0.27074939564867045 0.0766818700114025 0.29170024174053183 0.020524515393386546
0 0.26994359387590655 0.13426453819840364 0.22884770346494762 0.027936145952109463
4 0.26994359387590655 0.09663625997719498 0.15471394037066882 0.021094640820980615
6 0.7046736502820307 0.765963511972634 0.18049959709911362 0.021664766248574687
2 0.524174053182917 0.17217787913340935 0.1498791297340854 0.023375142531356898
3 0.741337630942788 0.11630558722919042 0.2868654311039484 0.02451539338654504
1 0.5217566478646253 0.21265678449258837 0.29653505237711525 0.020524515393386546
1 0.524174053182917 0.19327251995438996 0.49798549556809024 0.021094640820980615
4 0.27115229653505235 0.05701254275940707 0.23126510878323933 0.021094640820980615
5 0.7066881547139404 0.9016533637400228 0.22884770346494762 0.021664766248574687
6 0.7046736502820307 0.8808437856328393 0.25463336019339244 0.022234891676168756