0 0.26370967741935486 0.14576174112256587 0.1975806451612903 0.029782359679266894
4 0.26653225806451614 0.07245131729667813 0.20967741935483872 0.021191294387170677
6 0.6705645161290322 0.6540664375715922 0.11612903225806452 0.021191294387170677
2 0.521774193548387 0.18298969072164947 0.15 0.023482245131729668
3 0.7181451612903226 0.12972508591065293 0.2661290322580645 0.026345933562428408
4 0.2625 0.1111111111111111 0.2782258064516129 0.020618556701030927
4 0.2592741935483871 0.09192439862542956 0.2032258064516129 0.018900343642611683
1 0.5205645161290322 0.22250859106529208 0.1032258064516129 0.018900343642611683
1 0.5209677419354839 0.20446735395189003 0.7661290322580645 0.022909507445589918
6 0.6737903225806452 0.7812142038946163 0.4 0.024054982817869417
5 0.6721774193548387 0.7600229095074456 0.08709677419354839 0.019473081328751432