4 0.24899274778404512 0.08319088319088319 0.2054794520547945 0.020512820512820513
3 0.7244157937147462 0.14216524216524218 0.2626913779210314 0.02564102564102564
4 0.24738114423851731 0.10256410256410256 0.20789685737308622 0.019373219373219373
0 0.24536663980660758 0.13760683760683762 0.21434327155519742 0.0301994301994302
2 0.5294117647058824 0.1903133903133903 0.14182111200644643 0.019943019943019943
1 0.21877518130539886 0.21139601139601139 0.15310233682514102 0.018803418803418803
1 0.31627719580983077 0.21082621082621084 0.0346494762288477 0.013675213675213675
1 0.3996776792908944 0.21196581196581196 0.12570507655116842 0.017663817663817662
1 0.5664786462530218 0.21196581196581196 0.1990330378726833 0.019373219373219373
1 0.7767929089443997 0.21253561253561254 0.21756647864625303 0.018233618233618232
1 0.9037066881547139 0.21481481481481482 0.0257856567284448 0.017094017094017096
1 0.21071716357775988 0.23105413105413106 0.09024979854955681 0.019373219373219373
1 0.27800161160354553 0.23105413105413106 0.0394842868654311 0.017663817663817662
1 0.3170829975825947 0.2284900284900285 0.0273972602739726 0.018233618233618232
1 0.3581788879935536 0.2299145299145299 0.048348106365834004 0.016524216524216526
1 0.6402095084609186 0.2319088319088319 0.5092667203867849 0.017663817663817662