4 0.24758064516129033 0.09971509971509972 0.1814516129032258 0.018803418803418803
1 0.4342741935483871 0.2618233618233618 0.17016129032258065 0.021082621082621083
4 0.24758064516129033 0.08148148148148149 0.20725806451612902 0.019943019943019943
0 0.24758064516129033 0.12706552706552707 0.18548387096774194 0.02564102564102564
2 0.507258064516129 0.1829059829059829 0.1435483870967742 0.022222222222222223
3 0.6810483870967742 0.1225071225071225 0.29596774193548386 0.02621082621082621
1 0.19556451612903225 0.20655270655270655 0.0717741935483871 0.022222222222222223
1 0.38911290322580644 0.20427350427350427 0.03870967741935484 0.021082621082621083
1 0.4568548387096774 0.203988603988604 0.09032258064516129 0.017663817663817662
1 0.5508064516129032 0.2037037037037037 0.09758064516129032 0.018803418803418803
1 0.6318548387096774 0.201994301994302 0.06048387096774194 0.017663817663817662
1 0.7616935483870968 0.19914529914529913 0.1935483870967742 0.018233618233618232
1 0.24233870967741936 0.2264957264957265 0.1217741935483871 0.018233618233618232
1 0.3004032258064516 0.20512820512820512 0.13064516129032258 0.019943019943019943
1 0.34475806451612906 0.22507122507122507 0.07822580645161291 0.021652421652421653
1 0.42379032258064514 0.22421652421652422 0.07661290322580645 0.018233618233618232
1 0.47419354838709676 0.2247863247863248 0.017741935483870968 0.010256410256410256
1 0.5512096774193549 0.2227920227920228 0.13548387096774195 0.016524216524216526
1 0.7254032258064517 0.22108262108262108 0.20725806451612902 0.019373219373219373
1 0.2407258064516129 0.24615384615384617 0.10161290322580645 0.017094017094017096
1 0.32217741935483873 0.24586894586894587 0.05806451612903226 0.016524216524216526
1 0.40766129032258064 0.24415954415954416 0.11129032258064517 0.014814814814814815
1 0.5153225806451613 0.243019943019943 0.10403225806451613 0.017663817663817662
1 0.5810483870967742 0.2413105413105413 0.025806451612903226 0.016524216524216526
1 0.6270161290322581 0.2413105413105413 0.05887096774193548 0.016524216524216526
1 0.7435483870967742 0.23988603988603988 0.16693548387096774 0.019373219373219373
1 0.5943548387096774 0.26153846153846155 0.15161290322580645 0.017094017094017096