6 0.677016129032258 0.6400343642611683 0.11370967741935484 0.021191294387170677
4 0.2685483870967742 0.10395189003436427 0.2879032258064516 0.021764032073310423
0 0.2653225806451613 0.14032073310423826 0.2032258064516129 0.029209621993127148
3 0.7213709677419354 0.12399770904925544 0.267741935483871 0.0286368843069874
1 0.5237903225806452 0.19931271477663232 0.32983870967741935 0.023482245131729668
2 0.5254032258064516 0.17783505154639176 0.14516129032258066 0.022909507445589918
1 0.5262096774193549 0.21993127147766323 0.7298387096774194 0.022909507445589918
4 0.267741935483871 0.06357388316151202 0.21854838709677418 0.022336769759450172
4 0.267741935483871 0.0836197021764032 0.19596774193548386 0.018900343642611683
5 0.6790322580645162 0.7474226804123711 0.09032258064516129 0.019473081328751432
6 0.6745967741935484 0.7663230240549829 0.38548387096774195 0.024627720504009163