4 0.2695406929895246 0.09344729344729345 0.37389202256244963 0.021082621082621083
0 0.27276390008058016 0.1282051282051282 0.22965350523771152 0.02905982905982906
3 0.790894439967768 0.1301994301994302 0.26430298146655923 0.02735042735042735
4 0.2715551974214343 0.07236467236467237 0.23448831587429492 0.023931623931623933
1 0.5265914585012087 0.18547008547008548 0.44238517324738114 0.022222222222222223
2 0.5362610797743755 0.16467236467236468 0.22320709105560033 0.023361823361823363
1 0.2324738114423852 0.203988603988604 0.11281224818694602 0.021082621082621083
1 0.5632554391619662 0.20455840455840457 0.5318291700241741 0.019943019943019943
1 0.6063658340048348 0.22421652421652422 0.6099919419822724 0.020512820512820513
1 0.6063658340048348 0.24358974358974358 0.6083803384367445 0.022222222222222223
1 0.604754230459307 0.26296296296296295 0.6091861402095085 0.019943019943019943
1 0.4331184528605963 0.3005698005698006 0.26752618855761484 0.017663817663817662
1 0.6079774375503626 0.2831908831908832 0.6180499597099114 0.023361823361823363
1 0.23650282030620468 0.2247863247863248 0.10233682514101532 0.019943019943019943