1 0.5334677419354839 0.2740740740740741 0.4282258064516129 0.019943019943019943
4 0.28669354838709676 0.1413105413105413 0.14919354838709678 0.019373219373219373
0 0.28669354838709676 0.1792022792022792 0.17419354838709677 0.02905982905982906
1 0.5330645161290323 0.23561253561253562 0.5201612903225806 0.022222222222222223
2 0.535483870967742 0.21595441595441595 0.13870967741935483 0.022222222222222223
4 0.2875 0.11994301994301994 0.25 0.022222222222222223
5 0.7270161290322581 0.7994301994301994 0.15806451612903225 0.02507122507122507
1 0.5379032258064517 0.25555555555555554 0.4669354838709677 0.017663817663817662
3 0.7290322580645161 0.1789173789173789 0.25887096774193546 0.02792022792022792
6 0.7254032258064517 0.6871794871794872 0.44193548387096776 0.022792022792022793
3 0.8596774193548387 0.043304843304843306 0.23870967741935484 0.018803418803418803