2 0.5399515738498789 0.23118586088939566 0.14769975786924938 0.02280501710376283
0 0.3357546408393866 0.169327251995439 0.2122679580306699 0.023375142531356898
4 0.33696529459241326 0.06271379703534778 0.24374495560936238 0.021664766248574687
4 0.3337368845843422 0.09863169897377423 0.25746569814366427 0.020524515393386546
1 0.2570621468926554 0.2442987457240593 0.07586763518966909 0.022234891676168756
4 0.33857949959644873 0.1168757126567845 0.29782082324455206 0.021094640820980615
4 0.33454398708635996 0.08038768529076397 0.27199354317998387 0.01767388825541619
3 0.7679580306698951 0.1807297605473204 0.25020177562550444 0.027366020524515394
4 0.34019370460048426 0.13483466362599772 0.10573042776432606 0.01710376282782212
1 0.33696529459241326 0.24543899657924745 0.07828894269572235 0.020524515393386546
1 0.3934624697336562 0.24857468643101482 0.03551251008878128 0.01710376282782212
1 0.4430992736077482 0.25114025085518815 0.057304277643260695 0.019384264538198404
1 0.5 0.2525655644241733 0.053268765133171914 0.018814139110604332
1 0.5835351089588378 0.2522805017103763 0.10573042776432606 0.019954389965792473
1 0.7013720742534302 0.25513112884834666 0.12187247780468119 0.022234891676168756
1 0.8127522195318806 0.2574116305587229 0.09200968523002422 0.021094640820980615
1 0.3252623083131558 0.26624857468643104 0.10653753026634383 0.020524515393386546
1 0.4225181598062954 0.2690992018244014 0.07990314769975787 0.021094640820980615
1 0.5205811138014528 0.27194982896237174 0.11218724778046812 0.019954389965792473
1 0.6388216303470541 0.27537058152793614 0.1234866828087167 0.018814139110604332
1 0.7538337368845843 0.27736602052451537 0.10492332526230831 0.019954389965792473