1 0.5318887980376125 0.22235023041474655 0.3679476696647588 0.02131336405529954
4 0.27923139820114473 0.07402073732718895 0.26410466067048244 0.017857142857142856
2 0.5335241210139002 0.1811635944700461 0.15126737530662307 0.023617511520737326
0 0.28086672117743255 0.12816820276497695 0.1929681112019624 0.02880184331797235
6 0.7089125102207686 0.693836405529954 0.17252657399836469 0.02131336405529954
4 0.27923139820114473 0.0918778801843318 0.1373671300081766 0.017857142857142856
3 0.7285363859362224 0.11491935483870967 0.27309893704006544 0.029953917050691243
4 0.28086672117743255 0.055299539170506916 0.2820932134096484 0.02131336405529954
6 0.7089125102207686 0.8533986175115207 0.32542927228127555 0.024193548387096774
1 0.5351594439901881 0.20161290322580644 0.6794766966475879 0.020737327188940093
5 0.7130008176614882 0.8317972350230415 0.20932134096484056 0.021889400921658985