4 0.2592741935483871 0.07863247863247863 0.24274193548387096 0.021082621082621083
0 0.2625 0.11538461538461539 0.19596774193548386 0.0301994301994302
3 0.7096774193548387 0.11253561253561253 0.28951612903225804 0.02735042735042735
4 0.2584677419354839 0.05868945868945869 0.1435483870967742 0.021652421652421653
2 0.5096774193548387 0.15356125356125355 0.15806451612903225 0.02564102564102564
1 0.19516129032258064 0.18005698005698006 0.14919354838709678 0.021652421652421653
1 0.3580645161290323 0.18034188034188034 0.17419354838709677 0.018803418803418803
1 0.4915322580645161 0.17863247863247864 0.08629032258064516 0.019373219373219373
1 0.6318548387096774 0.17692307692307693 0.18548387096774194 0.020512820512820513
1 0.14637096774193548 0.20170940170940171 0.05241935483870968 0.019943019943019943
1 0.22862903225806452 0.19886039886039886 0.10725806451612903 0.016524216524216526
1 0.3209677419354839 0.19886039886039886 0.07419354838709677 0.017094017094017096
1 0.5774193548387097 0.19715099715099715 0.09193548387096774 0.017094017094017096
1 0.7120967741935483 0.19544159544159545 0.1685483870967742 0.017094017094017096
1 0.8536290322580645 0.19715099715099715 0.10806451612903226 0.018233618233618232
1 0.2713709677419355 0.21766381766381768 0.07822580645161291 0.020512820512820513
1 0.37379032258064515 0.2168091168091168 0.12661290322580646 0.019373219373219373
1 0.38911290322580644 0.19914529914529913 0.05403225806451613 0.015954415954415956
1 0.4737903225806452 0.19772079772079773 0.1064516129032258 0.015384615384615385
1 0.49435483870967745 0.2150997150997151 0.1064516129032258 0.019373219373219373
1 0.5850806451612903 0.21481481481481482 0.07096774193548387 0.018233618233618232
1 0.7088709677419355 0.2150997150997151 0.1717741935483871 0.021082621082621083
1 0.8189516129032258 0.17692307692307693 0.18306451612903227 0.020512820512820513