1 0.5056451612903226 0.19840364880273662 0.22903225806451613 0.020524515393386546
4 0.28669354838709676 0.08409350057012542 0.2217741935483871 0.021664766248574687
6 0.6758064516129032 0.8263968072976055 0.18548387096774194 0.023375142531356898
0 0.2846774193548387 0.12001140250855188 0.19838709677419356 0.027936145952109463
2 0.5056451612903226 0.1582098061573546 0.1443548387096774 0.02280501710376283
4 0.2854838709677419 0.06356898517673888 0.3709677419354839 0.019954389965792473
5 0.6717741935483871 0.943842645381984 0.2 0.023375142531356898
1 0.507258064516129 0.17844925883694412 0.6306451612903226 0.021094640820980615
3 0.7491935483870967 0.1145952109464082 0.26129032258064516 0.02565564424173318
4 0.2854838709677419 0.042759407069555305 0.14274193548387096 0.021664766248574687
6 0.6745967741935484 0.9221778791334093 0.4080645161290323 0.02280501710376283