0 0.2898550724637681 0.13169897377423034 0.20209339774557167 0.027366020524515394
2 0.5265700483091788 0.17189281641961232 0.14492753623188406 0.02394526795895097
5 0.7544283413848631 0.886259977194983 0.18840579710144928 0.026795895096921322
1 0.5301932367149759 0.19298745724059294 0.7020933977455717 0.020524515393386546
1 0.533011272141707 0.2129418472063854 0.7020933977455717 0.01596351197263398
6 0.7556360708534622 0.7773660205245154 0.1280193236714976 0.02565564424173318
3 0.7133655394524959 0.1314139110604333 0.2632850241545894 0.026795895096921322
4 0.2834138486312399 0.0749714937286203 0.13687600644122383 0.021664766248574687
1 0.5314009661835749 0.22976054732041049 0.7415458937198067 0.018244013683010263
1 0.5322061191626409 0.24942987457240592 0.6626409017713365 0.019954389965792473
4 0.28421900161030594 0.09549600912200684 0.2286634460547504 0.021094640820980615