0 0.2618855761482675 0.13105413105413105 0.22884770346494762 0.0301994301994302
4 0.25906526994359386 0.09401709401709402 0.37469782433521354 0.022222222222222223
2 0.5213537469782433 0.17037037037037037 0.1514907332796132 0.023361823361823363
1 0.6124093473005641 0.27492877492877493 0.5922643029814666 0.020512820512820513
1 0.5016116035455278 0.3128205128205128 0.3690572119258662 0.021082621082621083
4 0.26148267526188557 0.07236467236467237 0.23609991941982272 0.023361823361823363
3 0.7441579371474617 0.13076923076923078 0.2594681708299758 0.02792022792022792
1 0.524174053182917 0.19116809116809116 0.49556809024979853 0.022222222222222223
1 0.49959709911361805 0.25612535612535614 0.370668815471394 0.019373219373219373
1 0.612812248186946 0.23675213675213674 0.5906526994359388 0.019373219373219373
1 0.6120064464141821 0.2168091168091168 0.59709911361805 0.018803418803418803
1 0.6116035455278002 0.2931623931623932 0.5930701047542305 0.019373219373219373
1 0.22562449637389204 0.21623931623931625 0.1498791297340854 0.023361823361823363
1 0.25141015310233683 0.2737891737891738 0.10233682514101532 0.02507122507122507